e_slash_star_pie,e_slash_star_lin,lambda_H_pie,lambda_H_lin,lambda_H_slash_star_pie,lambda_H_slash_star_lin,lambda_F_slash_star_pie,lambda_F_slash_star_lin,lambda_F_pie,lambda_F_lin,utility_H_with_delta_pie,utility_H_with_delta_lin,utility_F_with_delta_pie,utility_F_with_delta_lin,utility_H_without_delta_pie,utility_H_without_delta_lin,utility_F_without_delta_pie,utility_F_without_delta_lin,gamma_H_pie,gamma_H_lin,chi_H_pie,chi_H_lin,p_H_pie,p_H_lin,p_F_star_pie,p_F_star_lin,i_H_notional_pie,i_H_notional_lin,i_H_pie,i_H_lin,i_F_pie,i_F_lin,c_H_W_pie,c_H_W_lin,c_F_W_pie,c_F_W_lin,c_H_H_pie,c_H_H_lin,c_F_H_pie,c_F_H_lin,c_H_F_pie,c_H_F_lin,c_F_F_pie,c_F_F_lin,y_H_pie,y_H_lin,y_F_pie,y_F_lin,l_H_pie,l_H_lin,l_F_pie,l_F_lin,p_H_W_pie,p_H_W_lin,p_F_W_star_pie,p_F_W_star_lin,p_H_W_bar_pie,p_H_W_bar_lin,p_F_W_star_bar_pie,p_F_W_star_bar_lin,p_H_bar_pie,p_H_bar_lin,p_F_star_bar_pie,p_F_star_bar_lin,p_H_bar_y_H_pie,p_H_bar_y_H_lin,p_H_W_c_H_W_pie,p_H_W_c_H_W_lin,p_H_W_slash_p_H_pie,p_H_W_slash_p_H_lin,pi_H_pie,pi_H_lin,pi_F_star_pie,pi_F_star_lin,pi_H_W_pie,pi_H_W_lin,pi_F_W_star_pie,pi_F_W_star_lin,p_H_tilde_pie,p_H_tilde_lin,p_F_star_tilde_pie,p_F_star_tilde_lin,v_H_pie,v_H_lin,v_F_pie,v_F_lin,w_H_pie,w_H_lin,w_F_pie,w_F_lin,p_F_bar_pie,p_F_bar_lin,p_H_star_bar_pie,p_H_star_bar_lin,t_H_pie,t_H_lin,t_F_pie,t_F_lin,b_H_pie,b_H_lin,b_F_star_pie,b_F_star_lin,beta_H_pie,beta_H_lin,beta_F_pie,beta_F_lin,a_H_pie,a_H_lin,a_F_pie,a_F_lin,tau_H_pie,tau_H_lin,tau_F_pie,tau_F_lin,Delta_H_pie,Delta_H_lin,Delta_F_pie,Delta_F_lin
0.37088057,0.54926731,0.29720413,0.11881739,0.6680847,0.6680847,-0.045560632,-0.045560632,-0.4164412,-0.59482794,-0.2141328,-0.19224558,0.14616162,0.1729108,-0.21413126,-0.19224558,0.14624742,0.17299659,9.9849994e-19,3.6573161e-19,-7.2779916e-18,-1.4332266e-18,-6.2240446e-05,-3.3089613e-06,-0.00267382,-0.00267382,-0.0062240446,-0.00033089613,-0.0050251256,-0.00033089613,-0.00401073,-0.00401073,-0.35238224,-0.2008036,0.1034748,0.13022397,-0.25257061,-0.10099197,0.062475516,0.089224688,-0.099811632,-0.099811632,0.040999284,0.040999284,-0.19009509,-0.01176728,-0.058812347,-0.058812347,-0.19009509,-0.01176728,-0.058812347,-0.058812347,0.055178107,0.081986211,-0.057914168,-0.08466334,0.055178107,0.081986211,-0.057914168,-0.08466334,-6.2240446e-05,-3.3089613e-06,-0.00267382,-0.00267382,-0.19015733,-0.011770589,-0.29720413,-0.11881739,0.055240348,0.08198952,-6.2240446e-05,-3.3089613e-06,-0.00267382,-0.00267382,0.055178107,0.081986211,-0.057914168,-0.08466334,-0.0062240446,-0.00033089613,-0.01069528,-0.01069528,23.20234,26.67654,-0.93384058,-0.93384058,29.519285,29.556675,-0.62259533,-0.62259533,0.36820675,0.54659349,-0.37094281,-0.54927062,-0.038031467,-0.0023541177,-0.012297233,-0.012297233,0.1070468,0.1070468,-0.07808616,-0.069095113,0.0199,0.0199,1.5709096e-19,3.2241678e-17,0,0,0,-1.2124497e-16,0,0,0,0,2.1093239e-06,5.9618528e-09,0.00011796367,0.00011796367
0.36835263,0.55292874,0.28372275,0.09914663,0.65207537,0.65207537,-0.041569956,-0.041569956,-0.40992258,-0.5944987,-0.20749752,-0.18485617,0.14278087,0.17045024,-0.20749474,-0.18485617,0.1429271,0.17059647,-6.2240446e-05,-3.3089613e-06,-1.3521907e-17,-2.2822251e-18,-0.00011863137,-4.9830341e-06,-0.0052861421,-0.0052861421,-0.04298336,-0.002152784,-0.0050251256,-0.002152784,-0.0039184832,-0.0039184832,-0.33808188,-0.18128878,0.10133387,0.12900324,-0.2410635,-0.0842704,0.061506182,0.089175552,-0.097018385,-0.097018385,0.039827683,0.039827683,-0.17955731,0.0049051528,-0.057190702,-0.057190702,-0.17955731,0.0049051528,-0.057190702,-0.057190702,0.054359136,0.082142155,-0.05976391,-0.08743328,0.054359136,0.082142155,-0.05976391,-0.08743328,-0.00011863137,-4.9830342e-06,-0.0052861421,-0.0052861421,-0.17967595,0.0049001698,-0.28372275,-0.09914663,0.054477768,0.082147138,-5.6390925e-05,-1.674073e-06,-0.0026123221,-0.0026123221,-0.00081897121,0.00015594392,-0.0018497418,-0.0027699401,-0.0057013329,-0.00017071626,-0.013123109,-0.013123109,22.863249,26.125896,-1.079416,-1.079416,28.810631,28.84811,-0.69087749,-0.69087749,0.36306649,0.5476426,-0.36847126,-0.55293373,-0.035935189,0.00098003396,-0.012495369,-0.012495369,0.21163152,0.21163152,-0.15466154,-0.13627897,0.0194423,0.0194423,-1.1896124e-18,1.3543511e-17,0,-8.9673479e-21,0,-9.4965048e-17,0,-8.78872e-19,0,9.3512202e-17,3.819706e-06,7.4282066e-09,0.0002010725,0.0002010725
0.36580065,0.55468561,0.27063361,0.08174865,0.63643426,0.63643426,-0.037671065,-0.037671065,-0.40347172,-0.59235668,-0.20102525,-0.17786027,0.13948234,0.16779049,-0.20102148,-0.17786026,0.13967019,0.16797834,-0.00018087182,-8.2919955e-06,-4.6498751e-18,-3.0242367e-18,-0.00016944787,-5.4736717e-06,-0.0078383808,-0.0078383808,-0.1073807,-0.0046933649,-0.0050251256,-0.0046933649,-0.0038283581,-0.0038283581,-0.32418392,-0.16377108,0.099229203,0.12753735,-0.22989454,-0.0694817,0.060546174,0.088854323,-0.094289382,-0.094289382,0.038683029,0.038683029,-0.16934837,0.019372623,-0.055606354,-0.055606354,-0.16934837,0.019372623,-0.055606354,-0.055606354,0.05355031,0.082022432,-0.061558138,-0.089866287,0.05355031,0.082022432,-0.061558138,-0.089866287,-0.00016944787,-5.4736718e-06,-0.0078383808,-0.0078383808,-0.16951781,0.01936715,-0.27063361,-0.08174865,0.053719758,0.082027906,-5.0816503e-05,-4.9063761e-07,-0.0025522387,-0.0025522387,-0.00080882643,-0.00011972225,-0.0017942288,-0.0024330071,-0.0052002816,-5.4046795e-05,-0.015495097,-0.015495097,22.526745,25.564682,-1.2216433,-1.2216433,28.118731,28.155855,-0.75758916,-0.75758916,0.35796227,0.54684723,-0.3659701,-0.55469109,-0.033903563,0.0038734299,-0.012688947,-0.012688947,0.3138108,0.3138108,-0.22976325,-0.2018484,0.018995127,0.018995127,-4.3622964e-19,-3.2727632e-18,0,-1.7690825e-20,0,-7.0015077e-17,0,-1.6587545e-18,0,1.7759724e-16,5.1875805e-06,7.4849994e-09,0.00025828409,0.00025828409
0.36322477,0.55382493,0.25792813,0.067327968,0.6211529,0.6211529,-0.033861849,-0.033861849,-0.39708662,-0.58768678,-0.19471229,-0.17134165,0.13625968,0.16481823,-0.19470774,-0.17134164,0.13647517,0.16503373,-0.00035031969,-1.3765667e-05,-6.0531069e-17,-3.6700855e-18,-0.00021495724,-5.1779488e-06,-0.010331918,-0.010331918,-0.19665557,-0.0074006285,-0.0050251256,-0.0074006285,-0.0037403058,-0.0037403058,-0.31067934,-0.14884752,0.097159939,0.1257185,-0.21905619,-0.057224371,0.059595237,0.088153794,-0.091623147,-0.091623147,0.037564702,0.037564702,-0.15946096,0.030929423,-0.054058446,-0.054058446,-0.15946096,0.030929423,-0.054058446,-0.054058446,0.052751215,0.081519551,-0.06329809,-0.091856647,0.052751215,0.081519551,-0.06329809,-0.091856647,-0.00021495724,-5.1779488e-06,-0.010331918,-0.010331918,-0.15967591,0.030924245,-0.25792813,-0.067327968,0.052966172,0.081524729,-4.5509372e-05,2.9572296e-07,-0.0024935372,-0.0024935372,-0.00079909514,-0.00050288149,-0.0017399515,-0.00199036,-0.004720385,2.4098625e-05,-0.01781253,-0.01781253,22.192747,24.995457,-1.3605993,-1.3605993,27.443172,27.479528,-0.82276647,-0.82276647,0.35289286,0.54349301,-0.36343973,-0.55383011,-0.031935183,0.0061848489,-0.012878073,-0.012878073,0.41363995,0.41363995,-0.30342755,-0.26620756,0.018558239,0.018558239,8.0355788e-19,-1.839562e-17,0,-2.6188717e-20,0,-4.6328293e-17,0,-2.3483674e-18,0,2.5319954e-16,6.2634202e-06,7.4577671e-09,0.00029630558,0.00029630558
0.36062513,0.55018291,0.24559788,0.056040096,0.60622301,0.60622301,-0.030140244,-0.030140244,-0.39076537,-0.58032316,-0.18855505,-0.16531679,0.13310775,0.16150377,-0.18854989,-0.16531679,0.13334059,0.16173661,-0.00056527693,-1.8943616e-05,-4.1163656e-17,-4.2295813e-18,-0.00025541913,-4.4204578e-06,-0.012768104,-0.012768104,-0.30818038,-0.0099138538,-0.0050251256,-0.0099138538,-0.0036542788,-0.0036542788,-0.29755933,-0.13664856,0.095125215,0.12352123,-0.20854109,-0.047630325,0.058653119,0.087049136,-0.089018236,-0.089018236,0.036472096,0.036472096,-0.14988797,0.039418812,-0.05254614,-0.05254614,-0.14988797,0.039418812,-0.05254614,-0.05254614,0.051961448,0.080608464,-0.064984971,-0.093380988,0.051961448,0.080608464,-0.064984971,-0.093380988,-0.00025541913,-4.4204579e-06,-0.012768104,-0.012768104,-0.15014339,0.039414391,-0.24559788,-0.056040096,0.052216867,0.080612884,-4.0461889e-05,7.5749092e-07,-0.0024361859,-0.0024361859,-0.00078976687,-0.00091108717,-0.0016868809,-0.0015243412,-0.0042611461,7.0571144e-05,-0.020076662,-0.020076662,21.861179,24.421884,-1.4963593,-1.4963593,26.783552,26.818756,-0.8864447,-0.8864447,0.34785703,0.53741481,-0.36088055,-0.55018733,-0.030028678,0.0078828783,-0.013062849,-0.013062849,0.51117303,0.51117303,-0.37568983,-0.32975014,0.0181314,0.0181314,7.232021e-19,-3.1994681e-17,0,-3.4474532e-20,0,-2.3841257e-17,0,-2.9562302e-18,0,3.2116908e-16,7.0922221e-06,7.6956194e-09,0.00032015671,0.00032015671
0.35800185,0.54395463,0.23363465,0.047681869,0.5916365,0.5916365,-0.026504237,-0.026504237,-0.38450609,-0.57045887,-0.18255,-0.15975822,0.1300224,0.15787217,-0.18254439,-0.15975821,0.13026501,0.15811478,-0.00082069607,-2.3364074e-05,-3.2490538e-18,-4.7116229e-18,-0.00029108571,-3.4490001e-06,-0.015148258,-0.015148258,-0.4394566,-0.012026937,-0.0050251256,-0.012026937,-0.0035702304,-0.0035702304,-0.28481527,-0.12699989,0.093124197,0.12097397,-0.19834203,-0.040526657,0.057719576,0.085569348,-0.086473237,-0.086473237,0.03540462,0.03540462,-0.14062245,0.045042691,-0.051068617,-0.051068617,-0.14062245,0.045042691,-0.051068617,-0.051068617,0.051180616,0.079318025,-0.06661996,-0.094469731,0.051180616,0.079318025,-0.06661996,-0.094469731,-0.00029108571,-3.4490002e-06,-0.015148258,-0.015148258,-0.14091354,0.045039242,-0.23363465,-0.047681869,0.051471702,0.079321474,-3.5666573e-05,9.7145774e-07,-0.0023801536,-0.0023801536,-0.00078083139,-0.0012904389,-0.0016349888,-0.0010887433,-0.0038220764,9.2725316e-05,-0.022288718,-0.022288718,21.53197,23.847927,-1.6289969,-1.6289969,26.139477,26.173177,-0.94865833,-0.94865833,0.34285359,0.52880638,-0.35829294,-0.54395808,-0.028182708,0.0090078484,-0.013243375,-0.013243375,0.60646285,0.60646285,-0.4465847,-0.39279836,0.017714377,0.017714377,8.2137294e-19,-4.4222597e-17,0,-4.2558037e-20,0,-2.493689e-18,0,-3.4905024e-18,0,3.8227079e-16,7.7139607e-06,8.1325243e-09,0.0003335922,0.0003335922
0.35535506,0.53554021,0.22203043,0.041845277,0.57738549,0.57738549,-0.022951858,-0.022951858,-0.37830692,-0.55849207,-0.1766937,-0.15461338,0.12700018,0.15397999,-0.17668777,-0.15461338,0.12724703,0.15422684,-0.0011117818,-2.6813074e-05,2.0272005e-19,-5.1242828e-18,-0.00032220181,-2.4393255e-06,-0.017473668,-0.017473668,-0.58811107,-0.01365047,-0.0050251256,-0.01365047,-0.0034881151,-0.0034881151,-0.27243876,-0.11955318,0.091156065,0.11813587,-0.18845199,-0.035566412,0.056794368,0.083774176,-0.083986773,-0.083986773,0.034361696,0.034361696,-0.13165762,0.048207764,-0.049625077,-0.049625077,-0.13165762,0.048207764,-0.049625077,-0.049625077,0.050408338,0.077707908,-0.068204207,-0.095184015,0.050408338,0.077707908,-0.068204207,-0.095184015,-0.00032220181,-2.4393256e-06,-0.017473668,-0.017473668,-0.13197982,0.048205325,-0.22203043,-0.041845277,0.050730539,0.077710347,-3.1116099e-05,1.0096746e-06,-0.0023254101,-0.0023254101,-0.00077227867,-0.0016101167,-0.0015842475,-0.00071428364,-0.0034026956,9.7518458e-05,-0.024449898,-0.024449898,21.205051,23.277328,-1.7585837,-1.7585837,25.510564,25.54244,-1.009441,-1.009441,0.33788139,0.51806654,-0.35567726,-0.53554265,-0.026395965,0.009641065,-0.013419749,-0.013419749,0.699561,0.699561,-0.51614593,-0.45557973,0.017306947,0.017306947,5.5791098e-19,-5.5216748e-17,0,-5.044625e-20,0,1.7771687e-17,0,-3.9588578e-18,0,4.3719308e-16,8.1640123e-06,8.6062856e-09,0.00033941843,0.00033941843
0.35268488,0.52542867,0.21077737,0.038033578,0.56346225,0.56346225,-0.019481183,-0.019481183,-0.37216606,-0.54490985,-0.17098279,-0.14981891,0.12403821,0.14989765,-0.17097663,-0.1498189,0.12428528,0.15014473,-0.0014339836,-2.92524e-05,-3.9540914e-18,-5.4748785e-18,-0.0003490051,-1.505077e-06,-0.019745593,-0.019745593,-0.7518923,-0.014776708,-0.0050251256,-0.014776708,-0.0034078885,-0.0034078885,-0.2604216,-0.11388476,0.08922002,0.11507946,-0.17886411,-0.032327262,0.05587726,0.081736704,-0.081557498,-0.081557498,0.03334276,0.03334276,-0.12298685,0.049409442,-0.048214738,-0.048214738,-0.12298685,0.049409442,-0.048214738,-0.048214738,0.049644239,0.075851182,-0.069738837,-0.09559828,0.049644239,0.075851182,-0.069738837,-0.09559828,-0.0003490051,-1.5050771e-06,-0.019745593,-0.019745593,-0.12333585,0.049407937,-0.21077737,-0.038033578,0.049993244,0.075852687,-2.6803298e-05,9.3424847e-07,-0.0022719256,-0.0022719256,-0.00076409893,-0.0018567261,-0.00153463,-0.00041426524,-0.0030025316,9.0985521e-05,-0.02656137,-0.02656137,20.880357,22.713299,-1.8851901,-1.8851901,24.89644,24.926203,-1.0688258,-1.0688258,0.33293929,0.50568308,-0.35303389,-0.52543017,-0.02466717,0.0098815874,-0.013592066,-0.013592066,0.7905179,0.7905179,-0.58440655,-0.51822672,0.016908887,0.016908887,1.2715807e-18,-6.5100767e-17,0,-5.8144314e-20,0,3.7009293e-17,0,-4.3684007e-18,0,4.8655547e-16,8.4735502e-06,8.9954734e-09,0.00033973098,0.00033973098
0.34999142,0.51411669,0.19986782,0.035742545,0.54985924,0.54985924,-0.016090334,-0.016090334,-0.36608176,-0.53020703,-0.16541397,-0.14531055,0.121134,0.14569714,-0.16540766,-0.14531055,0.12137844,0.14594157,-0.0017829887,-3.0757477e-05,6.8415461e-18,-5.7700348e-18,-0.00037172625,-7.1002813e-07,-0.021965265,-0.021965265,-0.92866697,-0.015449741,-0.0050251256,-0.015449741,-0.003329507,-0.003329507,-0.24875577,-0.10956466,0.087315281,0.11187842,-0.16957168,-0.03038056,0.054968022,0.079531161,-0.079184096,-0.079184096,0.032347259,0.032347259,-0.11460366,0.049150601,-0.046836837,-0.046836837,-0.11460366,0.049150601,-0.046836837,-0.046836837,0.048887956,0.073822111,-0.071224947,-0.095788085,0.048887956,0.073822111,-0.071224947,-0.095788085,-0.00037172625,-7.1002819e-07,-0.021965265,-0.021965265,-0.11497538,0.049149891,-0.19986782,-0.035742545,0.049259682,0.073822821,-2.2721149e-05,7.950489e-07,-0.0022196713,-0.0022196713,-0.00075628258,-0.0020290712,-0.0014861099,-0.00018980513,-0.00262112,7.7999813e-05,-0.028624279,-0.028624279,20.55783,22.158381,-2.0088845,-2.0088845,24.29674,24.324132,-1.1268446,-1.1268446,0.32802616,0.49215143,-0.35036315,-0.5141174,-0.022995076,0.0098299781,-0.01376042,-0.01376042,0.87938279,0.87938279,-0.6513988,-0.58078931,0.016519983,0.016519983,3.8071476e-19,-7.3985919e-17,0,-6.5656199e-20,0,5.5270834e-17,0,-4.7256191e-18,0,5.3091552e-16,8.6699131e-06,9.2496986e-09,0.00033609276,0.00033609276
0.34727479,0.50205706,0.18929431,0.03451204,0.5365691,0.5365691,-0.012777475,-0.012777475,-0.36005227,-0.51483454,-0.15998402,-0.14102957,0.11828542,0.14144418,-0.15997764,-0.14102956,0.11852518,0.14168394,-0.0021547149,-3.1467505e-05,2.8488743e-17,-6.0157404e-18,-0.00039058903,-8.0570185e-08,-0.024133883,-0.024133883,-1.1164164,-0.01574181,-0.0050251256,-0.01574181,-0.0032529284,-0.0032529284,-0.23743344,-0.10620045,0.085441083,0.10859985,-0.16056816,-0.029335166,0.054066429,0.077225192,-0.076865283,-0.076865283,0.031374654,0.031374654,-0.10650173,0.047890027,-0.045490628,-0.045490628,-0.10650173,0.047890027,-0.045490628,-0.045490628,0.048139136,0.071688408,-0.072663608,-0.095822372,0.048139136,0.071688408,-0.072663608,-0.095822372,-0.00039058903,-8.0570245e-08,-0.024133883,-0.024133883,-0.10689232,0.047889946,-0.18929431,-0.03451204,0.048529725,0.071688489,-1.8862776e-05,6.2945794e-07,-0.0021686189,-0.0021686189,-0.00074882025,-0.0021337028,-0.0014386614,-3.4286692e-05,-0.0022580039,6.2235766e-05,-0.03063974,-0.03063974,20.237412,21.614425,-2.129734,-2.129734,23.711109,23.735904,-1.183529,-1.183529,0.32314091,0.47792318,-0.34766538,-0.50205714,-0.021378464,0.0095779892,-0.013924902,-0.013924902,0.96620378,0.96620378,-0.7171542,-0.64325371,0.016140023,0.016140023,5.5448106e-19,-8.1972334e-17,0,-7.2985252e-20,0,7.2605432e-17,0,-5.0363729e-18,0,5.7077497e-16,8.7769494e-06,9.3729419e-09,0.00032966755,0.00032966755
0.3445351,0.48963062,0.17904953,0.033954012,0.52358464,0.52358464,-0.0095408109,-0.0095408109,-0.35407592,-0.49917143,-0.15468981,-0.13692608,0.11549054,0.13719394,-0.1546834,-0.13692607,0.11572423,0.13742763,-0.002545304,-3.1548075e-05,-1.1081967e-17,-6.2173993e-18,-0.00040581048,3.8285294e-07,-0.026252624,-0.026252624,-1.313233,-0.015735752,-0.0050251256,-0.015735752,-0.003178111,-0.003178111,-0.22644696,-0.10346104,0.083596679,0.10530008,-0.15184716,-0.028861236,0.053172259,0.074875658,-0.074599802,-0.074599802,0.03042442,0.03042442,-0.098674904,0.046014422,-0.044175382,-0.044175382,-0.098674904,0.046014422,-0.044175382,-0.044175382,0.047397433,0.069507025,-0.074055868,-0.095759267,0.047397433,0.069507025,-0.074055868,-0.095759267,-0.00040581048,3.8285288e-07,-0.026252624,-0.026252624,-0.099080714,0.046014805,-0.17904953,-0.033954012,0.047803244,0.069506643,-1.522145e-05,4.6342312e-07,-0.0021187407,-0.0021187407,-0.00074170277,-0.0021813827,-0.0013922593,6.3105461e-05,-0.001912734,4.6261742e-05,-0.032608846,-0.032608846,19.919051,21.082642,-2.2478039,-2.2478039,23.1392,23.161199,-1.2389097,-1.2389097,0.31828248,0.463378,-0.34494091,-0.48963024,-0.019816143,0.009202961,-0.014085601,-0.014085601,1.0510279,1.0510279,-0.78170357,-0.70556276,0.015768802,0.015768802,2.728345e-19,-8.915012e-17,0,-8.0134574e-20,0,8.9059753e-17,0,-5.3059077e-18,0,6.0658538e-16,8.8153365e-06,9.3961499e-09,0.00032132019,0.00032132019
0.34177245,0.47713577,0.16912636,0.033763043,0.51089881,0.51089881,-0.0063785905,-0.0063785905,-0.34815104,-0.48351436,-0.14952826,-0.13296043,0.11274766,0.13298941,-0.14952186,-0.13296042,0.11297435,0.1332161,-0.0029511144,-3.1165222e-05,1.5520275e-17,-6.3798802e-18,-0.00041760105,6.9607669e-07,-0.028322634,-0.028322634,-1.5173173,-0.015513004,-0.0050251256,-0.015513004,-0.0031050144,-0.0031050144,-0.21578887,-0.10108561,0.081781337,0.10202309,-0.14340245,-0.028699178,0.052285297,0.07252705,-0.072386427,-0.072386427,0.029496041,0.029496041,-0.091117149,0.043827872,-0.042890386,-0.042890386,-0.091117149,0.043827872,-0.042890386,-0.042890386,0.046662512,0.067322562,-0.075402747,-0.0956445,0.046662512,0.067322562,-0.075402747,-0.0956445,-0.00041760105,6.9607663e-07,-0.028322634,-0.028322634,-0.09153475,0.043828568,-0.16912636,-0.033763043,0.047080113,0.067321866,-1.1790576e-05,3.1322374e-07,-0.0020700096,-0.0020700096,-0.00073492117,-0.0021844632,-0.001346879,0.00011476676,-0.0015848681,3.1705227e-05,-0.034532663,-0.034532663,19.602697,20.563699,-2.3631582,-2.3631582,22.580675,22.599709,-1.2930167,-1.2930167,0.31344982,0.44881314,-0.34219005,-0.47713507,-0.01830695,0.0087657135,-0.014242604,-0.014242604,1.1339011,1.1339011,-0.84507701,-0.76763496,0.01540612,0.01540612,-5.2765831e-19,-9.5600373e-17,0,-8.7107274e-20,0,1.0467812e-16,0,-5.5388879e-18,0,6.387531e-16,8.8028783e-06,9.3556088e-09,0.00031169165,0.00031169165
0.33898694,0.46478982,0.15951783,0.033714944,0.49850477,0.49850477,-0.0032891011,-0.0032891011,-0.34227604,-0.46807892,-0.14449636,-0.12910297,0.11005521,0.12886159,-0.14448999,-0.12910296,0.1102743,0.12908068,-0.0033687155,-3.0469146e-05,7.7889639e-17,-6.507562e-18,-0.00042616475,8.8358919e-07,-0.030345033,-0.030345033,-1.7269742,-0.015146214,-0.0050251256,-0.015146214,-0.0030335991,-0.0030335991,-0.20545188,-0.098882413,0.079994344,0.09880072,-0.13522792,-0.028658453,0.05140533,0.070211706,-0.07022396,-0.07022396,0.028589014,0.028589014,-0.083822585,0.041553253,-0.041634946,-0.041634946,-0.083822585,0.041553253,-0.041634946,-0.041634946,0.045934045,0.065167469,-0.076705243,-0.095511619,0.045934045,0.065167469,-0.076705243,-0.095511619,-0.00042616475,8.8358914e-07,-0.030345033,-0.030345033,-0.08424875,0.041554136,-0.15951783,-0.033714944,0.04636021,0.065166586,-8.5637001e-06,1.875125e-07,-0.0020223994,-0.0020223994,-0.00072846668,-0.0021550929,-0.0013024964,0.000132881,-0.0012739711,1.9447327e-05,-0.036412231,-0.036412231,19.288306,20.057836,-2.4758594,-2.4758594,22.035205,22.051131,-1.3458791,-1.3458791,0.3086419,0.43444479,-0.3394131,-0.46478894,-0.01684975,0.0083108273,-0.014395996,-0.014395996,1.2148681,1.2148681,-0.90730394,-0.82938051,0.015051779,0.015051779,-3.8368544e-19,-1.0139607e-16,0,-9.3906606e-20,0,1.1950266e-16,0,-5.7394422e-18,0,6.6764383e-16,8.7547815e-06,9.2811978e-09,0.00030125538,0.00030125538
0.33617864,0.45273777,0.15021714,0.03365801,0.48639578,0.48639578,-0.00027066999,-0.00027066999,-0.33644931,-0.45300844,-0.13959119,-0.125333,0.10741174,0.12483071,-0.13958487,-0.12533299,0.10762291,0.12504188,-0.0037948802,-2.9585557e-05,6.9670531e-17,-6.6043782e-18,-0.00043169925,9.7292082e-07,-0.032320917,-0.032320917,-1.94061,-0.014695486,-0.0050251256,-0.014695486,-0.0029638263,-0.0029638263,-0.19542885,-0.096721365,0.078235001,0.095653969,-0.12731762,-0.028610136,0.050532152,0.06795112,-0.068111229,-0.068111229,0.027702849,0.027702849,-0.076785469,0.039340984,-0.04040838,-0.04040838,-0.076785469,0.039340984,-0.04040838,-0.04040838,0.045211715,0.063063355,-0.077964331,-0.095383299,0.045211715,0.063063355,-0.077964331,-0.095383299,-0.00043169925,9.7292077e-07,-0.032320917,-0.032320917,-0.077217169,0.039341957,-0.15021714,-0.03365801,0.045643414,0.063062382,-5.5344972e-06,8.9331624e-08,-0.0019758842,-0.0019758842,-0.0007223307,-0.0021041145,-0.001259088,0.00012831957,-0.00097961447,9.8167517e-06,-0.03824857,-0.03824857,18.975835,19.564975,-2.5859684,-2.5859684,21.502469,21.515169,-1.3975258,-1.3975258,0.30385773,0.42041685,-0.33661034,-0.4527368,-0.015443434,0.0078683915,-0.014545859,-0.014545859,1.293973,1.293973,-0.96841314,-0.89071337,0.014705588,0.014705588,-8.3337618e-19,-1.0660289e-16,0,-1.0053603e-19,0,1.3357334e-16,0,-5.9112158e-18,0,6.9358665e-16,8.6839121e-06,9.192731e-09,0.00029035949,0.00029035949
0.33334767,0.44106477,0.14121764,0.033500533,0.4745653,0.4745653,0.0026783372,0.0026783372,-0.33066933,-0.43838643,-0.13480987,-0.12163723,0.10481591,0.12090817,-0.13480361,-0.12163722,0.10501901,0.12111126,-0.0042265795,-2.8612636e-05,7.4181708e-17,-6.6738576e-18,-0.00043439602,9.9083874e-07,-0.034251356,-0.034251356,-2.1567294,-0.014207234,-0.0050251256,-0.014207234,-0.0028956583,-0.0028956583,-0.18571285,-0.094523387,0.076502625,0.092594882,-0.11966575,-0.028476295,0.049665559,0.065757816,-0.066047092,-0.066047092,0.026837066,0.026837066,-0.070000195,0.037281521,-0.039210026,-0.039210026,-0.070000195,0.037281521,-0.039210026,-0.039210026,0.04449521,0.061022854,-0.079180962,-0.095273219,0.04449521,0.061022854,-0.079180962,-0.095273219,-0.00043439602,9.9083869e-07,-0.034251356,-0.034251356,-0.070434591,0.037282511,-0.14121764,-0.033500533,0.044929606,0.061021863,-2.6967731e-06,1.7917915e-08,-0.0019304389,-0.0019304389,-0.00071650485,-0.0020405008,-0.0012166308,0.00011007987,-0.00070137656,2.7647125e-06,-0.040042673,-0.040042673,18.665247,19.084825,-2.693545,-2.693545,20.982154,20.991533,-1.4479845,-1.4479845,0.29909631,0.40681341,-0.33378206,-0.44106378,-0.014086918,0.0074565023,-0.014692276,-0.014692276,1.3712584,1.3712584,-1.0284327,-0.95155916,0.01436736,0.01436736,-2.6204189e-19,-1.1127992e-16,0,-1.0699923e-19,0,1.4692817e-16,0,-6.0574237e-18,0,7.168777e-16,8.6010329e-06,9.1009785e-09,0.00027925842,0.00027925842
0.33049408,0.42980975,0.13251284,0.033197173,0.46300692,0.46300692,0.0055595173,0.0055595173,-0.32493457,-0.42425023,-0.1301496,-0.11800811,0.10226644,0.11709848,-0.1301434,-0.1180081,0.10246144,0.11729348,-0.0046609755,-2.7621797e-05,9.4143936e-17,-6.7191626e-18,-0.00043444048,9.6103953e-07,-0.036137395,-0.036137395,-2.3739318,-0.013714795,-0.0050251256,-0.013714795,-0.0028290582,-0.0028290582,-0.17629707,-0.092248844,0.074796547,0.089628587,-0.11226664,-0.028218414,0.048805351,0.063637391,-0.064030429,-0.064030429,0.025991196,0.025991196,-0.063461289,0.035418976,-0.038039233,-0.038039233,-0.063461289,0.035418976,-0.038039233,-0.038039233,0.043784229,0.05905167,-0.080356064,-0.095188104,0.043784229,0.05905167,-0.080356064,-0.095188104,-0.00043444048,9.6103948e-07,-0.036137395,-0.036137395,-0.063895729,0.035419938,-0.13251284,-0.033197173,0.044218669,0.059050709,-4.4459734e-08,-2.9799219e-08,-0.0018860388,-0.0018860388,-0.0007109809,-0.0019711838,-0.0011751024,8.5115229e-05,-0.000438842,-1.989083e-06,-0.041795511,-0.041795511,18.356506,18.616966,-2.7986472,-2.7986472,20.473955,20.47994,-1.4972828,-1.4972828,0.29435669,0.39367236,-0.33092852,-0.42980879,-0.012779146,0.0070839875,-0.014835326,-0.014835326,1.4467662,1.4467662,-1.0873902,-1.0118593,0.014036911,0.014036911,2.9026524e-19,-1.1548036e-16,0,-1.1330006e-19,0,1.5960323e-16,0,-6.1809035e-18,0,7.3778349e-16,8.5150236e-06,9.0104522e-09,0.00026813666,0.00026813666
0.32761798,0.41897844,0.12409641,0.032735946,0.45171439,0.45171439,0.0083744302,0.0083744302,-0.31924355,-0.41060401,-0.12560764,-0.11444222,0.099762109,0.11340124,-0.1256015,-0.11444221,0.099949111,0.11358824,-0.005095416,-2.6660758e-05,1.1329648e-16,-6.7431257e-18,-0.0004320121,9.0300267e-07,-0.037980055,-0.037980055,-2.5909092,-0.013240079,-0.0050251256,-0.013240079,-0.0027639899,-0.0027639899,-0.16717489,-0.089886472,0.073116115,0.086755248,-0.10511474,-0.027826322,0.047951334,0.061590466,-0.06206015,-0.06206015,0.025164781,0.025164781,-0.057163406,0.033764145,-0.036895369,-0.036895369,-0.057163406,0.033764145,-0.036895369,-0.036895369,0.043078478,0.057150526,-0.081490545,-0.095129678,0.043078478,0.057150526,-0.081490545,-0.095129678,-0.0004320121,9.0300262e-07,-0.037980055,-0.037980055,-0.057595418,0.033765048,-0.12409641,-0.032735946,0.04351049,0.057149623,2.4283879e-06,-5.8036868e-08,-0.0018426599,-0.0018426599,-0.00070575082,-0.0019011445,-0.0011344807,5.8426538e-05,-0.0001916017,-4.8426471e-06,-0.043508035,-0.043508035,18.04958,18.160912,-2.9013321,-2.9013321,19.977573,19.980113,-1.5454471,-1.5454471,0.28963792,0.38099839,-0.32804999,-0.41897754,-0.011519084,0.0067530095,-0.014975085,-0.014975085,1.5205374,1.5205374,-1.1453125,-1.0715719,0.013714062,0.013714062,-3.4530136e-19,-1.1925208e-16,0,-1.1944249e-19,0,1.7163278e-16,0,-6.2841637e-18,0,7.5654383e-16,8.4330843e-06,8.9221818e-09,0.00025712652,0.00025712652
0.32471942,0.40855473,0.11596216,0.032126848,0.44068158,0.44068158,0.0111246,0.0111246,-0.31359482,-0.39743013,-0.12118131,-0.1109389,0.097301775,0.10981285,-0.12117523,-0.11093889,0.097480918,0.109992,-0.0055274281,-2.5757755e-05,1.1331518e-16,-6.7482821e-18,-0.0004272845,8.3168154e-07,-0.039780334,-0.039780334,-2.8064425,-0.012795709,-0.0050251256,-0.012795709,-0.0027004181,-0.0027004181,-0.15833983,-0.087443715,0.071460689,0.083971769,-0.098204645,-0.027308528,0.047103316,0.059614395,-0.060135187,-0.060135187,0.024357374,0.024357374,-0.051101329,0.032305868,-0.035777814,-0.035777814,-0.051101329,0.032305868,-0.035777814,-0.035777814,0.042377671,0.055316867,-0.08258529,-0.095096369,0.042377671,0.055316867,-0.08258529,-0.095096369,-0.0004272845,8.3168149e-07,-0.039780334,-0.039780334,-0.051528614,0.032306699,-0.11596216,-0.032126848,0.042804956,0.055316035,4.7275946e-06,-7.1321137e-08,-0.0018002787,-0.0018002787,-0.00070080672,-0.0018336587,-0.0010947444,3.3308625e-05,4.0747366e-05,-6.2291108e-06,-0.04518117,-0.04518117,17.744442,17.716167,-3.0016553,-3.0016553,19.492721,19.491783,-1.5925037,-1.5925037,0.28493909,0.3687744,-0.32514671,-0.4085539,-0.010305723,0.0064613399,-0.015111629,-0.015111629,1.5926119,1.5926119,-1.2022258,-1.1306709,0.013398638,0.013398638,4.5171652e-19,-1.2263813e-16,0,-1.2543061e-19,0,1.8304938e-16,0,-6.3694275e-18,0,7.7337453e-16,8.3609231e-06,8.8357296e-09,0.00024632145,0.00024632145
0.32179849,0.39850992,0.10810404,0.031392611,0.42990253,0.42990253,0.013811516,0.013811516,-0.30798697,-0.3846984,-0.116868,-0.10749907,0.09488432,0.10632786,-0.11686196,-0.10749907,0.0950558,0.10649934,-0.0059547126,-2.4926073e-05,4.1371419e-17,-6.7368999e-18,-0.00042042563,7.5774839e-07,-0.041539206,-0.041539206,-3.0193989,-0.012387262,-0.0050251256,-0.012387262,-0.0026383085,-0.0026383085,-0.14978557,-0.084938862,0.069829646,0.081273183,-0.091531075,-0.026684363,0.04626111,0.057704647,-0.058254499,-0.058254499,0.023568536,0.023568536,-0.045269965,0.031020284,-0.034685962,-0.034685962,-0.045269965,0.031020284,-0.034685962,-0.034685962,0.04168153,0.053546251,-0.083641162,-0.095084699,0.04168153,0.053546251,-0.083641162,-0.095084699,-0.00042042563,7.5774834e-07,-0.041539206,-0.041539206,-0.045690391,0.031021041,-0.10810404,-0.031392611,0.042101956,0.053545493,6.8588682e-06,-7.3933152e-08,-0.0017588723,-0.0017588723,-0.00069614092,-0.0017706159,-0.0010558725,1.1669665e-05,0.00025860231,-6.5616335e-06,-0.046815823,-0.046815823,17.441066,17.282247,-3.099671,-3.099671,19.019114,19.014685,-1.6384779,-1.6384779,0.28025928,0.35697071,-0.32221891,-0.39850916,-0.0091380782,0.0062042083,-0.015245034,-0.015245034,1.6630286,1.6630286,-1.2581559,-1.1891432,0.01309047,0.01309047,1.1984456e-19,-1.2567729e-16,0,-1.3126849e-19,0,1.9388394e-16,0,-6.4386712e-18,0,7.884698e-16,8.3029294e-06,8.7503486e-09,0.00023578601,0.00023578601
0.31885524,0.38880971,0.10051615,0.030561686,0.4193714,0.4193714,0.016436633,0.016436633,-0.30241861,-0.37237308,-0.11266515,-0.10412443,0.092508672,0.10294,-0.11265914,-0.10412442,0.092672718,0.10310405,-0.0063751382,-2.4168325e-05,4.8954106e-17,-6.7110083e-18,-0.00041159783,6.8816228e-07,-0.043257624,-0.043257624,-3.2287289,-0.012015346,-0.0050251256,-0.012015346,-0.0025776274,-0.0025776274,-0.14150594,-0.082395084,0.068222374,0.078653701,-0.085088873,-0.025978018,0.045424531,0.055855858,-0.056417066,-0.056417066,0.022797843,0.022797843,-0.039664342,0.029877841,-0.033619223,-0.033619223,-0.039664342,0.029877841,-0.033619223,-0.033619223,0.040989785,0.051833398,-0.084659007,-0.095090334,0.040989785,0.051833398,-0.084659007,-0.095090334,-0.00041159783,6.8816223e-07,-0.043257624,-0.043257624,-0.04007594,0.029878529,-0.10051615,-0.030561686,0.041401382,0.05183271,8.8278018e-06,-6.9586117e-08,-0.0017184182,-0.0017184182,-0.00069174587,-0.0017128532,-0.0010178446,-5.6346483e-06,0.00046235455,-6.2008632e-06,-0.048412879,-0.048412879,17.139431,16.858708,-3.1954324,-3.1954324,18.556477,18.548561,-1.6833948,-1.6833948,0.27559762,0.34555209,-0.31926684,-0.38880902,-0.008015188,0.0059757058,-0.015375369,-0.015375369,1.7318257,1.7318257,-1.313128,-1.2469856,0.012789389,0.012789389,5.1905275e-19,-1.2840444e-16,0,-1.369602e-19,0,2.0416582e-16,0,-6.4936564e-18,0,8.0200437e-16,8.262333e-06,8.6654818e-09,0.00022556337,0.00022556337
0.31588975,0.37941918,0.093192729,0.029663298,0.40908248,0.40908248,0.019001372,0.019001372,-0.29688838,-0.36041781,-0.10857027,-0.10081678,0.090173794,0.099642971,-0.10856428,-0.10081677,0.090330653,0.09979983,-0.0067867361,-2.3480163e-05,6.1597535e-17,-6.6724218e-18,-0.00040095795,6.2688406e-07,-0.044936519,-0.044936519,-3.4334638,-0.011677393,-0.0050251256,-0.011677393,-0.0025183419,-0.0025183419,-0.1334949,-0.07983623,0.066638275,0.076107452,-0.078873006,-0.025214336,0.0445934,0.054062577,-0.054621894,-0.054621894,0.022044875,0.022044875,-0.034279605,0.028848241,-0.032577019,-0.032577019,-0.034279605,0.028848241,-0.032577019,-0.032577019,0.04030217,0.050172932,-0.085639647,-0.095108824,0.04030217,0.050172932,-0.085639647,-0.095108824,-0.00040095795,6.2688401e-07,-0.044936519,-0.044936519,-0.034680563,0.028848868,-0.093192729,-0.029663298,0.040703128,0.050172305,1.0639878e-05,-6.1278225e-08,-0.0016788946,-0.0016788946,-0.0006876142,-0.0016604658,-0.00098064055,-1.849007e-05,0.00065238992,-5.4396601e-06,-0.049973203,-0.049973203,16.839517,16.44515,-3.2889913,-3.2889913,18.104543,18.093157,-1.7272786,-1.7272786,0.27095323,0.33448266,-0.31629071,-0.37941855,-0.0069361127,0.0057697736,-0.015502708,-0.015502708,1.7990405,1.7990405,-1.3671666,-1.3042015,0.012495233,0.012495233,7.6657814e-19,-1.3085095e-16,0,-1.4250974e-19,0,2.1392291e-16,0,-6.5359586e-18,0,8.1413549e-16,8.2413509e-06,8.5808715e-09,0.00021568087,0.00021568087
0.31290207,0.37030592,0.086128137,0.028724281,0.39903021,0.39903021,0.021507122,0.021507122,-0.29139495,-0.3487988,-0.10458091,-0.097577677,0.08787868,0.096430873,-0.10457492,-0.097577671,0.08802861,0.096580803,-0.007187694,-2.2853279e-05,5.9208492e-17,-6.6227629e-18,-0.00038865749,5.756142e-07,-0.046576799,-0.046576799,-3.6327128,-0.011369078,-0.0050251256,-0.011369078,-0.0024604201,-0.0024604201,-0.12574657,-0.07728414,0.065076766,0.073628959,-0.072878558,-0.024416128,0.043767541,0.052319734,-0.052868011,-0.052868011,0.021309225,0.021309225,-0.029111017,0.027903606,-0.031558786,-0.031558786,-0.029111017,0.027903605,-0.031558786,-0.031558786,0.039618432,0.048559858,-0.086583888,-0.095136081,0.039618432,0.048559858,-0.086583888,-0.095136081,-0.00038865749,5.7561416e-07,-0.046576799,-0.046576799,-0.029499675,0.027904181,-0.086128137,-0.028724281,0.040007089,0.048559283,1.2300468e-05,-5.1269861e-08,-0.0016402801,-0.0016402801,-0.00068373869,-0.001613074,-0.00094424089,-2.7257358e-05,0.00082908888,-4.5001019e-06,-0.051497639,-0.051497639,16.541309,16.041218,-3.3803983,-3.3803983,17.663048,17.648229,-1.770153,-1.770153,0.26632527,0.32372913,-0.31329073,-0.37030535,-0.0058999349,0.0055808362,-0.015627117,-0.015627117,1.8647094,1.8647094,-1.4202959,-1.3607979,0.012207842,0.012207842,6.8992033e-19,-1.3304508e-16,0,-1.4792102e-19,0,2.2318169e-16,0,-6.5669899e-18,0,8.2500467e-16,8.2413211e-06,8.4964941e-09,0.00020615421,0.00020615421
0.30989226,0.36144181,0.079316879,0.027767326,0.38920914,0.38920914,0.02395524,0.02395524,-0.28593702,-0.33748657,-0.1006947,-0.094408227,0.085622352,0.093298478,-0.10068869,-0.094408221,0.085765618,0.093441744,-0.0075763515,-2.2277665e-05,4.2893795e-17,-6.5634825e-18,-0.00037484264,5.3447341e-07,-0.048179353,-0.048179353,-3.82566,-0.011085385,-0.0050251256,-0.011085385,-0.0024038304,-0.0024038304,-0.1182552,-0.074757149,0.063537274,0.071213401,-0.067100731,-0.023602681,0.042946779,0.050622905,-0.051154467,-0.051154467,0.020590495,0.020590495,-0.024153952,0.027020224,-0.030563972,-0.030563972,-0.024153952,0.027020224,-0.030563972,-0.030563972,0.038938319,0.046989823,-0.087492515,-0.095168641,0.038938319,0.046989823,-0.087492515,-0.095168641,-0.00037484264,5.3447337e-07,-0.048179353,-0.048179353,-0.024528795,0.027020759,-0.079316879,-0.027767326,0.039313162,0.046989288,1.3814841e-05,-4.1140792e-08,-0.0016025536,-0.0016025536,-0.00068011228,-0.0015700352,-0.00090862649,-3.2559542e-05,0.00099282664,-3.5384649e-06,-0.052987013,-0.052987013,16.244794,15.646602,-3.4697029,-3.4697029,17.231739,17.213534,-1.8120414,-1.8120414,0.2617129,0.31326246,-0.3102671,-0.36144128,-0.004905759,0.0054041517,-0.015748665,-0.015748665,1.9288679,1.9288679,-1.4725393,-1.4167832,0.011927062,0.011927062,2.8407636e-19,-1.3501224e-16,0,-1.5319786e-19,0,2.3196732e-16,0,-6.5880183e-18,0,8.3473921e-16,8.2628256e-06,8.4124508e-09,0.00019699059,0.00019699059
0.30686036,0.35280366,0.072753585,0.026810287,0.37961395,0.37961395,0.026347052,0.026347052,-0.28051331,-0.32645661,-0.096909293,-0.091308964,0.083403858,0.090241329,-0.096903252,-0.091308958,0.083540724,0.090378196,-0.0079511942,-2.1743191e-05,9.9858939e-17,-6.4958772e-18,-0.00035965448,5.0258155e-07,-0.049745047,-0.049745047,-4.0115625,-0.010821338,-0.0050251256,-0.010821338,-0.0023485423,-0.0023485423,-0.11101518,-0.072269506,0.062019242,0.068856713,-0.061534841,-0.022789171,0.042130945,0.048968416,-0.049480335,-0.049480335,0.019888296,0.019888296,-0.019403896,0.026179245,-0.029592039,-0.029592039,-0.019403896,0.026179245,-0.029592039,-0.029592039,0.038261591,0.04545922,-0.088366293,-0.095203764,0.038261591,0.04545922,-0.088366293,-0.095203764,-0.00035965448,5.0258151e-07,-0.049745047,-0.049745047,-0.01976355,0.026179748,-0.072753585,-0.026810287,0.038621246,0.045458717,1.518816e-05,-3.1891868e-08,-0.0015656949,-0.0015656949,-0.00067672804,-0.0015306034,-0.00087377868,-3.5123405e-05,0.0011439734,-2.6547133e-06,-0.054442132,-0.054442132,15.949963,15.26103,-3.5569536,-3.5569536,16.810368,16.788837,-1.8529663,-1.8529663,0.25711532,0.30305862,-0.30722002,-0.35280316,-0.0039527101,0.0052359496,-0.015867417,-0.015867417,1.9915507,1.9915507,-1.5239201,-1.4721654,0.01165274,0.01165274,8.6961934e-19,-1.3677531e-16,0,-1.5834393e-19,0,2.403037e-16,0,-6.6001843e-18,0,8.4345368e-16,8.3058027e-06,8.3288801e-09,0.00018819105,0.00018819105
0.30380644,0.34437323,0.066433011,0.025866222,0.37023945,0.37023945,0.028683851,0.028683851,-0.27512259,-0.31568938,-0.093222425,-0.088279875,0.081222272,0.087255735,-0.093216338,-0.088279869,0.081353001,0.087386464,-0.0083108486,-2.124061e-05,8.8517623e-17,-6.4211061e-18,-0.000343229,4.7851682e-07,-0.051274731,-0.051274731,-4.1897472,-0.010572453,-0.0050251256,-0.010572453,-0.0022945258,-0.0022945258,-0.10402102,-0.069831403,0.060522121,0.066555583,-0.056176314,-0.021986695,0.041319873,0.047353335,-0.047844708,-0.047844708,0.019202248,0.019202248,-0.014856441,0.02536664,-0.02864246,-0.02864246,-0.014856441,0.02536664,-0.02864246,-0.02864246,0.037588012,0.043965182,-0.089205972,-0.095239435,0.037588012,0.043965182,-0.089205972,-0.095239435,-0.000343229,4.7851678e-07,-0.051274731,-0.051274731,-0.01519967,0.025367119,-0.066433011,-0.025866222,0.037931241,0.043964703,1.6425487e-05,-2.4064731e-08,-0.0015296839,-0.0015296839,-0.00067357921,-0.0014940377,-0.0008396792,-3.5670237e-05,0.0012828943,-1.9038915e-06,-0.055863783,-0.055863783,15.656808,14.88426,-3.6421974,-3.6421974,16.398691,16.373909,-1.8929499,-1.8929499,0.25253171,0.2930985,-0.30414967,-0.34437275,-0.003039934,0.0050734238,-0.015983438,-0.015983438,2.0527918,2.0527918,-1.5744606,-1.5269509,0.011384727,0.011384727,-1.1108759e-18,-1.3835485e-16,0,-1.6336279e-19,0,2.4821351e-16,0,-6.6045146e-18,0,8.5125115e-16,8.369649e-06,8.2459066e-09,0.00017975218,0.00017975218
0.30073054,0.33613669,0.060350034,0.024943876,0.36108057,0.36108057,0.030966905,0.030966905,-0.26976363,-0.30516979,-0.089631872,-0.085320457,0.07907669,0.08433869,-0.089625724,-0.085320451,0.07920154,0.08446354,-0.0086540776,-2.0762093e-05,7.7163982e-17,-6.3402043e-18,-0.00032569721,4.6065563e-07,-0.052769233,-0.052769233,-4.3596085,-0.010334981,-0.0050251256,-0.010334981,-0.0022417518,-0.0022417518,-0.097267387,-0.067449387,0.059045378,0.064307378,-0.051020686,-0.021202686,0.040513399,0.045775399,-0.046246701,-0.046246701,0.018531979,0.018531979,-0.010507287,0.024572713,-0.027714722,-0.027714722,-0.010507287,0.024572713,-0.027714722,-0.027714722,0.036917353,0.042505511,-0.090012283,-0.095274283,0.036917353,0.042505511,-0.090012283,-0.095274283,-0.00032569721,4.6065559e-07,-0.052769233,-0.052769233,-0.010832984,0.024573174,-0.060350034,-0.024943876,0.03724305,0.04250505,1.7531788e-05,-1.7861197e-08,-0.0014945012,-0.0014945012,-0.00067065915,-0.001459671,-0.00080631023,-3.4848007e-05,0.0014099498,-1.3076028e-06,-0.057252736,-0.057252736,15.365326,14.516077,-3.7254807,-3.7254807,15.996473,15.968524,-1.9320139,-1.9320139,0.2479613,0.28336746,-0.30105623,-0.33613623,-0.0021665968,0.0049146347,-0.016096791,-0.016096791,2.1126244,2.1126244,-1.624183,-1.5811439,0.011122878,0.011122878,-1.6330432e-18,-1.397694e-16,0,-1.6825789e-19,0,2.5571831e-16,0,-6.6019333e-18,0,8.5822438e-16,8.453312e-06,8.1636212e-09,0.00017166744,0.00017166744
0.29763269,0.32808393,0.054499654,0.024048411,0.35213234,0.35213234,0.033197448,0.033197448,-0.26443524,-0.29488648,-0.086135461,-0.082429801,0.07696623,0.081487772,-0.086129239,-0.082429796,0.077085451,0.081606992,-0.0089797748,-2.0301437e-05,8.4218348e-17,-6.2540965e-18,-0.00030718528,4.4740476e-07,-0.05422936,-0.05422936,-4.520606,-0.010105978,-0.0050251256,-0.010105978,-0.0021901915,-0.0021901915,-0.090749046,-0.065126976,0.057588489,0.062110031,-0.046063599,-0.020441529,0.039711364,0.044232905,-0.044685447,-0.044685447,0.017877126,0.017877126,-0.0063522351,0.023791376,-0.026808321,-0.026808321,-0.0063522351,0.023791376,-0.026808321,-0.026808321,0.036249392,0.041078566,-0.090785937,-0.095307479,0.036249392,0.041078566,-0.090785937,-0.095307479,-0.00030718528,4.4740472e-07,-0.05422936,-0.05422936,-0.0066594203,0.023791824,-0.054499654,-0.024048411,0.036556577,0.041078119,1.851193e-05,-1.3250871e-08,-0.0014601276,-0.0014601276,-0.00066796138,-0.0014269449,-0.00077365433,-3.3196021e-05,0.0015254958,-8.6443139e-07,-0.058609743,-0.058609743,15.075516,14.15628,-3.8068484,-3.8068484,15.603485,15.572463,-1.9701795,-1.9701795,0.24340333,0.27385457,-0.29793987,-0.32808348,-0.0013318841,0.0047583647,-0.016207536,-0.016207536,2.1710809,2.1710809,-1.673109,-1.6347467,0.010867052,0.010867052,-1.2074977e-18,-1.4103561e-16,0,-1.7303255e-19,0,2.6283856e-16,0,-6.5932722e-18,0,8.6445681e-16,8.5553744e-06,8.0820806e-09,0.00016392813,0.00016392813
0.29451293,0.32020772,0.048876988,0.023182199,0.34338992,0.34338992,0.035376688,0.035376688,-0.25913625,-0.28483104,-0.082731071,-0.079606694,0.07489003,0.078701011,-0.082724763,-0.079606688,0.075003866,0.078814846,-0.0092869601,-1.9854033e-05,1.1395559e-16,-6.1636076e-18,-0.00028781459,4.3734379e-07,-0.055655905,-0.055655905,-4.6722615,-0.009883282,-0.0050251256,-0.009883282,-0.0021398171,-0.0021398171,-0.0844609,-0.062865343,0.056150943,0.059961924,-0.041300797,-0.019705241,0.038913609,0.04272459,-0.043160103,-0.043160103,0.017237334,0.017237334,-0.002387188,0.023019349,-0.025922768,-0.025922768,-0.002387188,0.023019349,-0.025922768,-0.025922768,0.035583912,0.039683144,-0.091527631,-0.095338612,0.035583912,0.039683144,-0.091527631,-0.095338612,-0.00028781459,4.3734375e-07,-0.055655905,-0.055655905,-0.0026750026,0.023019786,-0.048876988,-0.023182199,0.035871727,0.039682707,1.9370688e-05,-1.006098e-08,-0.0014265447,-0.0014265447,-0.00066547953,-0.0013954214,-0.00074169449,-3.1133329e-05,0.0016298836,-5.5869314e-07,-0.059935539,-0.059935539,14.787379,13.804684,-3.8863447,-3.8863447,15.219503,15.185511,-2.0074672,-2.0074672,0.23885703,0.26455182,-0.29480075,-0.32020729,-0.00053500052,0.0046039572,-0.016315735,-0.016315735,2.2281928,2.2281928,-1.7212596,-1.6877593,0.01061711,0.01061711,1.6293822e-19,-1.4216847e-16,0,-1.7768996e-19,0,2.6959371e-16,0,-6.5792798e-18,0,8.7002352e-16,8.6741299e-06,8.0013149e-09,0.00015652409,0.00015652409
0.29137131,0.31250298,0.043477265,0.022345603,0.33484858,0.33484858,0.037505806,0.037505806,-0.25386551,-0.27499717,-0.079416632,-0.076849708,0.072847249,0.075976779,-0.079410226,-0.076849702,0.072955936,0.076085466,-0.0095747747,-1.9416689e-05,1.0228516e-16,-6.0694735e-18,-0.00026770184,4.2929741e-07,-0.057049639,-0.057049639,-4.8141575,-0.0096654148,-0.0050251256,-0.0096654148,-0.0020906013,-0.0020906013,-0.078397969,-0.060663968,0.05473224,0.057861769,-0.036728128,-0.018994127,0.038119981,0.041249511,-0.041669841,-0.041669841,0.016612258,0.016612258,0.0013918532,0.022255384,-0.025057583,-0.025057583,0.0013918532,0.022255384,-0.025057583,-0.025057583,0.034920705,0.038318365,-0.092238046,-0.095367575,0.034920705,0.038318365,-0.092238046,-0.095367575,-0.00026770184,4.2929738e-07,-0.057049639,-0.057049639,0.0011241513,0.022255813,-0.043477265,-0.022345603,0.035188406,0.038317936,2.0112748e-05,-8.0463748e-09,-0.0013937342,-0.0013937342,-0.00066320739,-0.0013647791,-0.00071041404,-2.8963116e-05,0.0017234602,-3.6729357e-07,-0.061230842,-0.061230842,14.500919,13.461112,-3.9640126,-3.9640126,14.844308,14.807459,-2.0438973,-2.0438973,0.23432167,0.25545334,-0.29163902,-0.31250255,0.00022483027,0.0044511626,-0.016421444,-0.016421444,2.2839912,2.2839912,-1.7686557,-1.7401798,0.010372916,0.010372916,1.4158603e-18,-1.4318147e-16,0,-1.8223322e-19,0,2.7600222e-16,0,-6.5606287e-18,0,8.7499206e-16,8.8076511e-06,7.921337e-09,0.00014944423,0.00014944423
0.28820786,0.30496604,0.038295828,0.021537649,0.32650369,0.32650369,0.039585954,0.039585954,-0.2486219,-0.26538008,-0.076190117,-0.074157286,0.070837066,0.073313685,-0.076183605,-0.07415728,0.070940831,0.073417451,-0.0098424766,-1.8987392e-05,7.085868e-17,-5.9723498e-18,-0.00024695914,4.2235707e-07,-0.058411317,-0.058411317,-4.9459342,-0.0094514601,-0.0050251256,-0.0094514601,-0.0020425174,-0.0020425174,-0.072555393,-0.058521216,0.053331888,0.055808508,-0.032341538,-0.018307361,0.037330329,0.039806949,-0.040213855,-0.040213855,0.016001559,0.016001559,0.0049887911,0.021499588,-0.024212297,-0.024212297,0.0049887911,0.021499588,-0.024212297,-0.024212297,0.034259566,0.036983567,-0.092917842,-0.095394462,0.034259566,0.036983567,-0.092917842,-0.095394462,-0.00024695914,4.2235704e-07,-0.058411317,-0.058411317,0.004741832,0.02150001,-0.038295828,-0.021537649,0.034506525,0.036983144,2.0742702e-05,-6.9403446e-09,-0.0013616783,-0.0013616783,-0.00066113886,-0.0013347986,-0.00067979673,-2.6886675e-05,0.0018065684,-2.6473693e-07,-0.062496352,-0.062496352,14.216144,13.125393,-4.0398941,-4.0398941,14.477688,14.438103,-2.0794895,-2.0794895,0.22979654,0.24655472,-0.28845482,-0.30496561,0.0009483664,0.0043000021,-0.016524723,-0.016524723,2.3385062,2.3385062,-1.8153174,-1.7920054,0.010134339,0.010134339,1.9523921e-18,-1.4408676e-16,0,-1.8666533e-19,0,2.8208162e-16,0,-6.5379226e-18,0,8.794232e-16,8.953851e-06,7.8421499e-09,0.00014267694,0.00014267694
0.2850226,0.29759414,0.033328129,0.020756587,0.31835072,0.31835072,0.041618259,0.041618259,-0.24340434,-0.25597588,-0.073049551,-0.071527809,0.068858676,0.070710491,-0.073042925,-0.071527804,0.068957739,0.070809553,-0.010089436,-1.8565035e-05,6.6789109e-17,-5.8728201e-18,-0.00022569408,4.1586857e-07,-0.059741677,-0.059741677,-5.0672873,-0.0092409304,-0.0050251256,-0.0092409304,-0.0019955395,-0.0019955395,-0.066928427,-0.056434809,0.05194941,0.053801225,-0.02813707,-0.017643452,0.036544505,0.038396319,-0.038791357,-0.038791357,0.015404905,0.015404905,0.0084074346,0.020752867,-0.023386452,-0.023386452,0.0084074346,0.020752867,-0.023386452,-0.023386452,0.033600298,0.035678223,-0.093567669,-0.095419484,0.033600298,0.035678223,-0.093567669,-0.095419484,-0.00022569408,4.1586854e-07,-0.059741677,-0.059741677,0.0081817405,0.020753283,-0.033328129,-0.020756587,0.033825992,0.035677807,2.1265062e-05,-6.4885056e-09,-0.0013303597,-0.0013303597,-0.00065926797,-0.0013053442,-0.00064982666,-2.5022018e-05,0.001879547,-2.2649337e-07,-0.063732756,-0.063732756,13.933063,12.79736,-4.1140304,-4.1140304,14.119436,14.077241,-2.1142631,-2.1142631,0.22528092,0.23785246,-0.28524829,-0.29759372,0.0016363481,0.0041506566,-0.016625626,-0.016625626,2.3917673,2.3917673,-1.8612648,-1.8432322,0.0099012491,0.0099012491,2.6661139e-18,-1.4489525e-16,0,-1.9098917e-19,0,2.8784858e-16,0,-6.5117033e-18,0,8.8337162e-16,9.110537e-06,7.7637513e-09,0.00013621035,0.00013621035
0.28181555,0.29038497,0.028569729,0.020000308,0.31038528,0.31038528,0.043603821,0.043603821,-0.23821173,-0.24678115,-0.069993002,-0.068959648,0.066911296,0.068166046,-0.069986256,-0.068959642,0.067005865,0.068260615,-0.01031513,-1.8149166e-05,9.174139e-17,-5.7714033e-18,-0.00020400983,4.0939977e-07,-0.061041438,-0.061041438,-5.1779659,-0.009033643,-0.0050251256,-0.009033643,-0.0019496421,-0.0019496421,-0.061512438,-0.054402187,0.050584336,0.051839086,-0.024110861,-0.01700061,0.035762361,0.037017112,-0.037401577,-0.037401577,0.014821975,0.014821975,0.0116515,0.020016502,-0.022579602,-0.022579602,0.0116515,0.020016502,-0.022579602,-0.022579602,0.032942709,0.034401878,-0.094188157,-0.095442907,0.032942709,0.034401878,-0.094188157,-0.095442907,-0.00020400983,4.0939973e-07,-0.061041438,-0.061041438,0.01144749,0.020016911,-0.028569729,-0.020000308,0.033146719,0.034401469,2.1684249e-05,-6.4688105e-09,-0.0012997614,-0.0012997614,-0.00065758888,-0.0012763443,-0.00062048829,-2.3423585e-05,0.0019427308,-2.3101237e-07,-0.064940723,-0.064940723,13.651689,12.476846,-4.1864615,-4.1864615,13.769351,13.724679,-2.1482369,-2.1482369,0.22077412,0.22934354,-0.28201956,-0.29038456,0.0022894981,0.0040033822,-0.016724208,-0.016724208,2.4438035,2.4438035,-1.9065173,-1.8938561,0.0096735204,0.0096735204,3.4049165e-18,-1.4561675e-16,0,-1.9520757e-19,0,2.933189e-16,0,-6.4824558e-18,0,8.8688649e-16,9.2754591e-06,7.6861366e-09,0.00013003253,0.00013003253
0.27858676,0.28333639,0.02401629,0.019266652,0.30260305,0.30260305,0.045543715,0.045543715,-0.23304304,-0.23779268,-0.067018584,-0.066451196,0.064994156,0.065679241,-0.067011714,-0.06645119,0.065084434,0.065769518,-0.01051914,-1.7739766e-05,5.3509921e-17,-5.6685602e-18,-0.00018200522,4.0269883e-07,-0.062311305,-0.062311305,-5.2777703,-0.0088296133,-0.0050251256,-0.0088296133,-0.0019048004,-0.0019048004,-0.056302903,-0.052420758,0.049236209,0.049921293,-0.020259142,-0.016376997,0.034983757,0.035668841,-0.036043761,-0.036043761,0.014252452,0.014252452,0.014724615,0.019291845,-0.021791309,-0.021791309,0.014724615,0.019291845,-0.021791309,-0.021791309,0.032286613,0.033154106,-0.094779924,-0.095465008,0.032286613,0.033154106,-0.094779924,-0.095465008,-0.00018200522,4.026988e-07,-0.062311305,-0.062311305,0.01454261,0.019292248,-0.02401629,-0.019266652,0.032468618,0.033153703,2.2004607e-05,-6.7009412e-09,-0.0012698669,-0.0012698669,-0.00065609585,-0.0012477729,-0.00059176645,-2.2100739e-05,0.0019964508,-2.6069425e-07,-0.066120906,-0.066120906,13.372035,12.16369,-4.2572266,-4.2572266,13.427237,13.380227,-2.1814293,-2.1814293,0.21627545,0.22102509,-0.27876876,-0.28333599,0.0029085219,0.0038584495,-0.016820523,-0.016820523,2.4946428,2.4946428,-1.9510939,-1.9438729,0.0094510294,0.0094510294,3.3088875e-18,-1.4626013e-16,0,-1.9932323e-19,0,2.9850762e-16,0,-6.4506139e-18,0,8.9001206e-16,9.4463529e-06,7.6092997e-09,0.00012413167,0.00012413167
0.27533622,0.2764462,0.019663578,0.018553595,0.2949998,0.2949998,0.047438991,0.047438991,-0.22789723,-0.22900721,-0.064124455,-0.064000895,0.063106507,0.063248979,-0.064117457,-0.06400089,0.063192686,0.063335158,-0.010701145,-1.7337067e-05,1.7731732e-18,-5.5646994e-18,-0.00015977483,3.9565069e-07,-0.063551965,-0.063551965,-5.3665499,-0.0086289687,-0.0050251256,-0.0086289687,-0.0018609899,-0.0018609899,-0.051295408,-0.050488067,0.047904579,0.048047051,-0.016578233,-0.015770892,0.034208551,0.034351023,-0.034717175,-0.034717175,0.013696028,0.013696028,0.017630318,0.01858013,-0.021021147,-0.021021147,0.017630318,0.01858013,-0.021021147,-0.021021147,0.03163183,0.031934472,-0.09534357,-0.095486042,0.03163183,0.031934472,-0.09534357,-0.095486042,-0.00015977483,3.9565066e-07,-0.063551965,-0.063551965,0.017470543,0.018580526,-0.019663578,-0.018553595,0.031791605,0.031934077,2.2230396e-05,-7.0481438e-09,-0.00124066,-0.00124066,-0.00065478328,-0.0012196333,-0.00056364629,-2.1033703e-05,0.0020410344,-3.0211545e-07,-0.067273945,-0.067273945,13.09412,11.857729,-4.3263642,-4.3263642,13.092901,13.043696,-2.2138583,-2.2138583,0.21178426,0.21289424,-0.275496,-0.27644581,0.0034941086,0.0037161052,-0.016914622,-0.016914622,2.5443128,2.5443128,-1.9950134,-1.9932785,0.0092336558,0.0092336558,2.4826554e-18,-1.4683331e-16,0,-2.0333881e-19,0,3.0342899e-16,0,-6.4165652e-18,0,8.9278814e-16,9.6209761e-06,7.5332337e-09,0.00011849616,0.00011849616
0.27206397,0.26971207,0.01550746,0.017859363,0.28757143,0.28757143,0.049290676,0.049290676,-0.22277329,-0.22042139,-0.061308814,-0.061607249,0.061247614,0.060874159,-0.061301689,-0.061607243,0.061329879,0.060956424,-0.01086092,-1.6941417e-05,6.5181791e-17,-5.4601826e-18,-0.00013740903,3.8823653e-07,-0.06476409,-0.06476409,-5.4442007,-0.0084318848,-0.0050251256,-0.0084318848,-0.0018181872,-0.0018181872,-0.046485644,-0.048601889,0.046589007,0.046215552,-0.013064543,-0.015180789,0.033436605,0.03306315,-0.033421101,-0.033421101,0.013152402,0.013152402,0.020372062,0.017882362,-0.020268699,-0.020268699,0.020372062,0.017882362,-0.020268699,-0.020268699,0.030978184,0.030742526,-0.095879683,-0.095506228,0.030978184,0.030742526,-0.095879683,-0.095506228,-0.00013740903,3.882365e-07,-0.06476409,-0.06476409,0.020234653,0.01788275,-0.01550746,-0.017859363,0.031115593,0.030742138,2.2365802e-05,-7.4141588e-09,-0.0012121248,-0.0012121248,-0.00065364567,-0.0011919458,-0.00053611331,-2.0186357e-05,0.0020768053,-3.4576508e-07,-0.068400464,-0.068400464,12.817963,11.558804,-4.3939117,-4.3939117,12.766159,12.714906,-2.2455414,-2.2455414,0.20729988,0.20494798,-0.27220138,-0.26971168,0.0040469306,0.00357655,-0.017006558,-0.017006558,2.5928404,2.5928404,-2.0382941,-2.0420696,0.0090212817,0.0090212817,1.4794488e-18,-1.4734347e-16,0,-2.0725687e-19,0,3.0809657e-16,0,-6.3806558e-18,0,8.9525052e-16,9.7971411e-06,7.4579313e-09,0.00011311469,0.00011311469
0.26877001,0.26313144,0.011543898,0.017182474,0.28031391,0.28031391,0.051099772,0.051099772,-0.21767024,-0.21203166,-0.058569906,-0.059268825,0.059416759,0.058553667,-0.058562653,-0.05926882,0.059495288,0.058632195,-0.010998329,-1.655318e-05,4.0544296e-17,-5.3553295e-18,-0.0001149941,3.8049916e-07,-0.065948336,-0.065948336,-5.5106638,-0.0082385402,-0.0050251256,-0.0082385402,-0.0017763689,-0.0017763689,-0.041869404,-0.046760262,0.045289064,0.044425972,-0.0097145681,-0.014605426,0.032667785,0.031804693,-0.032154836,-0.032154836,0.012621279,0.012621279,0.022953217,0.017199267,-0.019533557,-0.019533557,0.022953217,0.017199267,-0.019533557,-0.019533557,0.030325506,0.029577789,-0.096388837,-0.095525744,0.030325506,0.029577789,-0.096388837,-0.095525744,-0.0001149941,3.8049913e-07,-0.065948336,-0.065948336,0.022838223,0.017199647,-0.011543898,-0.017182474,0.030440501,0.029577408,2.241493e-05,-7.7373782e-09,-0.0011842459,-0.0011842459,-0.00065267764,-0.0011647378,-0.00050915334,-1.9515827e-05,0.002104084,-3.8550118e-07,-0.069501074,-0.069501074,12.543587,11.266755,-4.4599055,-4.4599055,12.446828,12.393678,-2.2764958,-2.2764958,0.20282168,0.1971831,-0.26888501,-0.26313106,0.0045676446,0.0034399294,-0.017096379,-0.017096379,2.6402519,2.6402519,-2.0809539,-2.0902432,0.0088137922,0.0088137922,1.6564505e-18,-1.4779702e-16,0,-2.110799e-19,0,3.1252323e-16,0,-6.3431938e-18,0,8.974314e-16,9.9727423e-06,7.3833846e-09,0.00010797625,0.00010797625
0.26545436,0.25670158,0.0077689504,0.016521739,0.27322331,0.27322331,0.052867259,0.052867259,-0.2125871,-0.20383432,-0.055906013,-0.056984257,0.057613241,0.056286375,-0.055898634,-0.056984252,0.057688201,0.056361335,-0.011113323,-1.6172681e-05,1.9509173e-17,-5.2504218e-18,-9.2612281e-05,3.7251533e-07,-0.067105344,-0.067105344,-5.5659226,-0.0080490891,-0.0050251256,-0.0080490891,-0.0017355124,-0.0017355124,-0.037442583,-0.04496149,0.04400433,0.042677464,-0.0065248874,-0.014043794,0.031901958,0.030575092,-0.030917696,-0.030917696,0.012102372,0.012102372,0.02537707,0.016531297,-0.018815323,-0.018815323,0.02537707,0.016531297,-0.018815323,-0.018815323,0.029673633,0.028439751,-0.096871589,-0.095544723,0.029673633,0.028439751,-0.096871589,-0.095544723,-9.2612281e-05,3.725153e-07,-0.067105344,-0.067105344,0.025284458,0.01653167,-0.0077689504,-0.016521739,0.029766245,0.028439379,2.2381815e-05,-7.9838343e-09,-0.0011570083,-0.0011570083,-0.00065187392,-0.0011380371,-0.00048275253,-1.8979143e-05,0.0021231874,-4.1788418e-07,-0.070576369,-0.070576369,12.271015,10.981427,-4.5243815,-4.5243815,12.134732,12.079838,-2.3067383,-2.3067383,0.19834902,0.18959623,-0.26554698,-0.2567012,0.0050568916,0.0033063339,-0.017184134,-0.017184134,2.6865729,2.6865729,-2.1230105,-2.137797,0.008611075,0.008611075,6.2035245e-19,-1.4819977e-16,0,-2.1481034e-19,0,3.1672117e-16,0,-6.3044537e-18,0,8.9935973e-16,1.014578e-05,7.3095855e-09,0.00010307021,0.00010307021
0.26211703,0.25041957,0.0041787692,0.015876235,0.2662958,0.2662958,0.054594094,0.054594094,-0.20752294,-0.19582547,-0.053315459,-0.054752238,0.055836372,0.054071147,-0.053307957,-0.054752233,0.055907926,0.0541427,-0.011205935,-1.5800166e-05,3.5891499e-18,-5.1457076e-18,-7.0341863e-05,3.643752e-07,-0.068235741,-0.068235741,-5.6100017,-0.0078636454,-0.0050251256,-0.0078636454,-0.0016955956,-0.0016955956,-0.033201172,-0.043204119,0.042734392,0.040969166,-0.0034921633,-0.01349511,0.031138992,0.029373766,-0.029709009,-0.029709009,0.0115954,0.0115954,0.027646829,0.015878656,-0.018113609,-0.018113609,0.027646829,0.015878656,-0.018113609,-0.018113609,0.029022403,0.027327884,-0.097328486,-0.095563261,0.029022403,0.027327884,-0.097328486,-0.095563261,-7.0341863e-05,3.6437517e-07,-0.068235741,-0.068235741,0.027576487,0.015879021,-0.0041787692,-0.015876235,0.029092745,0.027327519,2.2270418e-05,-8.1401352e-09,-0.0011303971,-0.0011303971,-0.00065122932,-0.0011118678,-0.00045689733,-1.8537414e-05,0.0021344295,-4.414981e-07,-0.071626933,-0.071626933,12.000274,10.702667,-4.5873745,-4.5873745,11.829698,11.773217,-2.3362851,-2.3362851,0.19388129,0.18218383,-0.26218738,-0.2504192,0.0055152974,0.0031758042,-0.01726987,-0.01726987,2.7318285,2.7318285,-2.1644811,-2.1847295,0.0084130202,0.0084130202,5.5831721e-19,-1.4855691e-16,0,-2.1845055e-19,0,3.2070202e-16,0,-6.2646797e-18,0,9.0106158e-16,1.0314378e-05,7.2365257e-09,9.8386318e-05,9.8386318e-05
0.25875803,0.24428236,0.00076959697,0.015245266,0.25952762,0.25952762,0.056281212,0.056281212,-0.20247681,-0.18800115,-0.050796606,-0.052571517,0.054085482,0.051906839,-0.050788987,-0.052571512,0.054153783,0.051975141,-0.011276277,-1.5435791e-05,4.1289861e-17,-5.0414044e-18,-4.8257233e-05,3.5616815e-07,-0.069340139,-0.069340139,-5.6429642,-0.0076822785,-0.0050251256,-0.0076822785,-0.0016565969,-0.0016565969,-0.029141261,-0.041486901,0.041478849,0.039300207,-0.00061313878,-0.012958779,0.030378761,0.028200118,-0.028528123,-0.028528123,0.011100088,0.011100088,0.029765622,0.01524134,-0.017428034,-0.017428034,0.029765622,0.01524134,-0.017428034,-0.017428034,0.028371664,0.026241636,-0.097760061,-0.095581419,0.028371664,0.026241636,-0.097760061,-0.095581419,-4.8257233e-05,3.5616812e-07,-0.069340139,-0.069340139,0.029717365,0.015241696,-0.00076959697,-0.015245266,0.028419922,0.026241279,2.208463e-05,-8.2070514e-09,-0.0011043979,-0.0011043979,-0.00065073878,-0.0010862481,-0.00043157453,-1.8158044e-05,0.0021381211,-4.5632985e-07,-0.072653333,-0.072653333,11.731395,10.430322,-4.6489187,-4.6489187,11.531561,11.473648,-2.3651524,-2.3651524,0.18941789,0.17494222,-0.25880628,-0.244282,0.005943473,0.0030483392,-0.017353635,-0.017353635,2.7760433,2.7760433,-2.2053828,-2.2310396,0.0082195208,0.0082195208,5.0248549e-19,-1.4887313e-16,0,-2.2200281e-19,0,3.2447678e-16,0,-6.2240885e-18,0,9.0256036e-16,1.0476804e-05,7.1641971e-09,9.3914703e-05,9.3914703e-05
0.25537735,0.2382868,-0.002462235,0.014628308,0.25291511,0.25291511,0.057929526,0.057929526,-0.19744782,-0.18035728,-0.048347856,-0.050440892,0.052359911,0.049792313,-0.048340124,-0.050440887,0.052425108,0.04985751,-0.011324534,-1.5079623e-05,4.869742e-17,-4.9377025e-18,-2.642896e-05,3.4797402e-07,-0.070419136,-0.070419136,-5.66491,-0.0075050139,-0.0050251256,-0.0075050139,-0.0016184952,-0.0016184952,-0.025259032,-0.039808754,0.040237306,0.037669708,0.0021153644,-0.012434358,0.029621138,0.02705354,-0.027374397,-0.027374397,0.010616169,0.010616169,0.031736502,0.014619182,-0.016758228,-0.016758228,0.031736502,0.014619182,-0.016758228,-0.016758228,0.027721267,0.025180446,-0.098166832,-0.095599234,0.027721267,0.025180446,-0.098166832,-0.095599234,-2.642896e-05,3.4797399e-07,-0.070419136,-0.070419136,0.031710073,0.01461953,0.002462235,-0.014628308,0.027747696,0.025180098,2.1828273e-05,-8.1941318e-09,-0.0010789968,-0.0010789968,-0.00065039734,-0.0010611895,-0.00040677117,-1.7815514e-05,0.0021345701,-4.6324494e-07,-0.073656126,-0.073656126,11.464408,10.164246,-4.7090474,-4.7090474,11.240155,11.180968,-2.3933558,-2.3933558,0.18495821,0.16786767,-0.25540378,-0.23828646,0.0063420146,0.002923906,-0.017435473,-0.017435473,2.8192411,2.8192411,-2.245732,-2.2767271,0.0080304718,0.0080304718,4.5223694e-19,-1.4915264e-16,0,-2.2546935e-19,0,3.2805593e-16,0,-6.1828723e-18,0,9.0387713e-16,1.0631476e-05,7.0925917e-09,8.9645889e-05,8.9645889e-05
0.251975,0.23242972,-0.0055203083,0.014024971,0.24645469,0.24645469,0.059539929,0.059539929,-0.19243507,-0.17288979,-0.045967648,-0.0483592,0.050659019,0.047726437,-0.045959811,-0.048359195,0.050721252,0.047788671,-0.011350963,-1.4731649e-05,4.3109835e-17,-4.8347681e-18,-4.9238573e-06,3.3985854e-07,-0.071473316,-0.071473316,-5.675974,-0.0073318384,-0.0050251256,-0.0073318384,-0.0015812698,-0.0015812698,-0.021550759,-0.03816872,0.039009378,0.036076797,0.0046964474,-0.011921514,0.028865999,0.025933418,-0.026247206,-0.026247206,0.010143379,0.010143379,0.033562446,0.014011903,-0.016103827,-0.016103827,0.033562446,0.014011903,-0.016103827,-0.016103827,0.027071067,0.024143749,-0.098549307,-0.095616725,0.027071067,0.024143749,-0.098549307,-0.095616725,-4.9238573e-06,3.3985851e-07,-0.071473316,-0.071473316,0.033557522,0.014012243,0.0055203083,-0.014024971,0.027075991,0.024143409,2.1505103e-05,-8.1154842e-09,-0.0010541799,-0.0010541799,-0.00065020012,-0.0010366968,-0.00038247463,-1.7491181e-05,0.0021240813,-4.6357431e-07,-0.074635856,-0.074635856,11.199347,9.9042939,-4.7677931,-4.7677931,10.955323,10.895021,-2.4209105,-2.4209105,0.18050168,0.1609564,-0.25197992,-0.23242938,0.0067115045,0.0028024486,-0.017515429,-0.017515429,2.8614453,2.8614453,-2.2855451,-2.3217919,0.007845771,0.007845771,4.0701324e-19,-1.4939923e-16,0,-2.2885236e-19,0,3.314494e-16,0,-6.1412017e-18,0,9.0503084e-16,1.0776976e-05,7.0217016e-09,8.5570787e-05,8.5570787e-05
0.24855098,0.2267079,-0.0084081199,0.013434953,0.24014286,0.24014286,0.061113292,0.061113292,-0.18743768,-0.16559461,-0.043654457,-0.04632532,0.048982176,0.045708094,-0.043646521,-0.046325315,0.04904158,0.045767498,-0.011355887,-1.439179e-05,6.6984312e-18,-4.7327452e-18,1.6194954e-05,3.3187185e-07,-0.07250325,-0.07250325,-5.676324,-0.0071627078,-0.0050251256,-0.0071627078,-0.0015449006,-0.0015449006,-0.018012805,-0.036565933,0.037794687,0.034520606,0.0071331362,-0.011419992,0.028113223,0.024839142,-0.025145941,-0.025145941,0.009681464,0.009681464,0.03524636,0.013419149,-0.015464477,-0.015464477,0.03524636,0.013419149,-0.015464477,-0.015464477,0.026420925,0.02313098,-0.098907979,-0.095633898,0.026420925,0.02313098,-0.098907979,-0.095633898,1.6194954e-05,3.3187182e-07,-0.07250325,-0.07250325,0.035262554,0.013419481,0.0084081199,-0.013434953,0.02640473,0.023130648,2.1118811e-05,-7.9866939e-09,-0.0010299337,-0.0010299337,-0.00065014236,-0.0010127692,-0.00035867255,-1.7172492e-05,0.0021069572,-4.5881076e-07,-0.075593051,-0.075593051,10.936248,9.6503233,-4.8251876,-4.8251876,10.676911,10.61565,-2.4478314,-2.4478314,0.17604773,0.15420465,-0.24853478,-0.22670757,0.0070525109,0.0026838963,-0.017593545,-0.017593545,2.9026789,2.9026789,-2.3248381,-2.3662348,0.0076653182,0.0076653182,3.6631192e-19,-1.4961631e-16,0,-2.3215393e-19,0,3.3466664e-16,0,-6.0992275e-18,0,9.0603851e-16,1.0912055e-05,6.9515194e-09,8.1680688e-05,8.1680688e-05
0.24510528,0.22111818,-0.011129084,0.01285801,0.23397619,0.23397619,0.062650468,0.062650468,-0.18245481,-0.15846772,-0.041406793,-0.044338158,0.047328766,0.043736183,-0.041398767,-0.044338153,0.047385469,0.043792887,-0.011339692,-1.4059918e-05,-2.6282592e-17,-4.6317585e-18,3.6867978e-05,3.240491e-07,-0.073509495,-0.073509495,-5.6661592,-0.0069975542,-0.0050251256,-0.0069975542,-0.0015093679,-0.0015093679,-0.014641622,-0.034999589,0.036592864,0.033000282,0.0094283832,-0.010929584,0.027362691,0.023770109,-0.024070005,-0.024070005,0.0092301728,0.0092301728,0.036791075,0.012840525,-0.014839832,-0.014839832,0.036791075,0.012840525,-0.014839832,-0.014839832,0.025770705,0.022141579,-0.099243332,-0.09565075,0.025770705,0.022141579,-0.099243332,-0.09565075,3.6867978e-05,3.2404908e-07,-0.073509495,-0.073509495,0.036827943,0.012840849,0.011129084,-0.01285801,0.025733837,0.022141255,2.0673024e-05,-7.822752e-09,-0.0010062452,-0.0010062452,-0.00065021937,-0.00098940117,-0.00033535285,-1.68519e-05,0.0020834974,-4.5040327e-07,-0.076528231,-0.076528231,10.675149,9.4021962,-4.8812621,-4.8812621,10.404766,10.342705,-2.4741331,-2.4741331,0.17159578,0.14760869,-0.24506841,-0.22111786,0.0073655885,0.0025681698,-0.017669865,-0.017669865,2.9429641,2.9429641,-2.3636267,-2.4100567,0.0074890159,0.0074890159,3.2968073e-19,-1.4980693e-16,0,-2.3537612e-19,0,3.377166e-16,0,-6.0570827e-18,0,9.0691545e-16,1.103564e-05,6.8820375e-09,7.7967252e-05,7.7967252e-05
0.2416379,0.21565744,-0.013686532,0.012293928,0.22795137,0.22795137,0.064152289,0.064152289,-0.17748561,-0.15150515,-0.039223202,-0.04239665,0.045698188,0.041809628,-0.039215095,-0.042396645,0.045752314,0.041863753,-0.011302824,-1.3735869e-05,-4.8627862e-17,-4.5319153e-18,5.7039287e-05,3.1641228e-07,-0.074492597,-0.074492597,-5.6457081,-0.0068362933,-0.0050251256,-0.0068362933,-0.0014746524,-0.0014746524,-0.011433747,-0.033468923,0.035403547,0.031514986,0.011585069,-0.010450107,0.026614286,0.022725725,-0.023018816,-0.023018816,0.0087892613,0.0087892613,0.038199354,0.012275618,-0.014229554,-0.014229554,0.038199354,0.012275618,-0.014229554,-0.014229554,0.025120279,0.021174995,-0.099555836,-0.095667275,0.025120279,0.021174995,-0.099555836,-0.095667275,5.7039287e-05,3.1641226e-07,-0.074492597,-0.074492597,0.038256394,0.012275934,0.013686532,-0.012293928,0.025063239,0.021174679,2.0171309e-05,-7.6368177e-09,-0.00098310161,-0.00098310161,-0.00065042656,-0.00096658354,-0.00031250374,-1.65257e-05,0.0020539989,-4.3963259e-07,-0.077441901,-0.077441901,10.416091,9.1597776,-4.9360469,-4.9360469,10.138744,10.076038,-2.4998299,-2.4998299,0.1671453,0.14116484,-0.24158086,-0.21565712,0.0076512787,0.0024551868,-0.01774443,-0.01774443,2.9823227,2.9823227,-2.4019263,-2.4532591,0.0073167685,0.0073167685,2.9671265e-19,-1.4997386e-16,0,-2.3852094e-19,0,3.406078e-16,0,-6.0148849e-18,0,9.0767543e-16,1.1146831e-05,6.8132489e-09,7.4422504e-05,7.4422504e-05
0.23814883,0.21032261,-0.016083719,0.011742503,0.22206511,0.22206511,0.065619568,0.065619568,-0.17252926,-0.14470304,-0.037102265,-0.040499758,0.044089853,0.039927372,-0.037094087,-0.040499753,0.044141518,0.039979037,-0.011245785,-1.3419457e-05,-5.4621314e-17,-4.4333071e-18,7.6656458e-05,3.0897267e-07,-0.075453087,-0.075453087,-5.6152267,-0.0066788312,-0.0050251256,-0.0066788312,-0.0014407354,-0.0014407354,-0.0083858001,-0.031973194,0.034226381,0.0300639,0.013606003,-0.0099813903,0.025867891,0.021705409,-0.021991803,-0.021991803,0.0083584907,0.0083584907,0.039473894,0.011724019,-0.013633313,-0.013633313,0.039473894,0.011724019,-0.013633313,-0.013633313,0.024469519,0.020230691,-0.09984595,-0.095683468,0.024469519,0.020230691,-0.09984595,-0.095683468,7.6656458e-05,3.0897264e-07,-0.075453087,-0.075453087,0.03955055,0.011724328,0.016083719,-0.011742503,0.024392863,0.020230382,1.9617172e-05,-7.4396202e-09,-0.00096049027,-0.00096049027,-0.00065075944,-0.00094430477,-0.00029011366,-1.6192935e-05,0.0020187564,-4.2754965e-07,-0.078334558,-0.078334558,10.159115,8.9229355,-4.9895716,-4.9895716,9.8787011,9.8155035,-2.5249357,-2.5249357,0.16269574,0.13486952,-0.23807217,-0.2103223,0.0079101101,0.0023448656,-0.01781728,-0.01781728,3.0207761,3.0207761,-2.439752,-2.4958437,0.0071484829,0.0071484829,2.6704139e-19,-1.5011957e-16,0,-2.4159031e-19,0,3.4334831e-16,0,-5.9727375e-18,0,9.0833081e-16,1.1244904e-05,6.7451465e-09,7.1038814e-05,7.1038814e-05
0.23463806,0.2051107,-0.018323821,0.011203535,0.21631424,0.21631424,0.0670531,0.0670531,-0.16758496,-0.1380576,-0.035042594,-0.038646467,0.042503185,0.038088387,-0.035034354,-0.038646462,0.042552501,0.038137703,-0.011169128,-1.3110484e-05,-3.5470362e-17,-4.3360118e-18,9.5670518e-05,3.0173335e-07,-0.076391486,-0.076391486,-5.5749971,-0.0065250688,-0.0050251256,-0.0065250688,-0.0014075985,-0.0014075985,-0.0054944845,-0.030511674,0.033061021,0.028646223,0.015493928,-0.0095232615,0.025123393,0.020708595,-0.020988413,-0.020988413,0.0079376279,0.0079376279,0.040617321,0.011185333,-0.013050785,-0.013050785,0.040617321,0.011185333,-0.013050785,-0.013050785,0.023818306,0.019308139,-0.10011412,-0.095699323,0.023818306,0.019308139,-0.10011412,-0.095699323,9.5670518e-05,3.0173333e-07,-0.076391486,-0.076391486,0.040712992,0.011185635,0.018323821,-0.011203535,0.023722635,0.019307837,1.901406e-05,-7.2393211e-09,-0.00093839899,-0.00093839899,-0.00065121358,-0.0009225518,-0.00026817136,-1.5854436e-05,0.0019780624,-4.1495937e-07,-0.079206683,-0.079206683,9.9042657,8.6915412,-5.0418653,-5.0418653,9.6244984,9.5609617,-2.549464,-2.549464,0.15824657,0.12871922,-0.23454239,-0.2051104,0.0081425983,0.002237127,-0.017888454,-0.017888454,3.058345,3.058345,-2.4771187,-2.5378125,0.0069840678,0.0069840678,2.4033725e-19,-1.5024628e-16,0,-2.4458615e-19,0,3.4594582e-16,0,-5.9307313e-18,0,9.0889271e-16,1.1329311e-05,6.6777236e-09,6.7808889e-05,6.7808889e-05
0.23110557,0.20001882,-0.020409939,0.010676815,0.21069563,0.21069563,0.06845366,0.06845366,-0.16265191,-0.13156516,-0.033042836,-0.036835783,0.04093762,0.036291668,-0.033034545,-0.036835778,0.040984693,0.036338742,-0.011073458,-1.2808751e-05,-2.5703861e-17,-4.2400946e-18,0.00011403588,2.9469167e-07,-0.077308302,-0.077308302,-5.5253253,-0.0063749063,-0.0050251256,-0.0063749063,-0.0013752237,-0.0013752237,-0.0027565824,-0.029083643,0.031907126,0.027261174,0.017251517,-0.0090755434,0.024380681,0.019734729,-0.0200081,-0.0200081,0.0075264449,0.0075264449,0.041632199,0.010659186,-0.012481655,-0.012481655,0.041632199,0.010659186,-0.012481655,-0.012481655,0.023166521,0.018406828,-0.10036079,-0.095714835,0.023166521,0.018406828,-0.10036079,-0.095714835,0.00011403588,2.9469165e-07,-0.077308302,-0.077308302,0.041746235,0.010659481,0.020409939,-0.010676815,0.023052485,0.018406533,1.8365365e-05,-7.0416767e-09,-0.00091681582,-0.00091681582,-0.00065178466,-0.0009013108,-0.00024666579,-1.5512058e-05,0.001932207,-4.0243424e-07,-0.080058749,-0.080058749,9.6515901,8.4654691,-5.0929562,-5.0929562,9.3760008,9.3122744,-2.5734282,-2.5734282,0.15379727,0.12271052,-0.23099154,-0.20001852,0.0083492469,0.0021318961,-0.017957991,-0.017957991,3.0950499,3.0950499,-2.514041,-2.5791678,0.0068234342,0.0068234342,2.1630353e-19,-1.50356e-16,0,-2.4751027e-19,0,3.4840762e-16,0,-5.8889457e-18,0,9.0937112e-16,1.139967e-05,6.6109733e-09,6.4725762e-05,6.4725762e-05
0.22755136,0.19504413,-0.022345098,0.010162124,0.20520626,0.20520626,0.069822008,0.069822008,-0.15772935,-0.12522213,-0.031101668,-0.035066735,0.039392606,0.034536236,-0.031093337,-0.03506673,0.039437539,0.034581169,-0.010959422,-1.2514059e-05,-3.3387014e-17,-4.1456099e-18,0.00013171031,2.878413e-07,-0.078204031,-0.078204031,-5.4665399,-0.0062282455,-0.0050251256,-0.0062282455,-0.0013435936,-0.0013435936,-0.00016895433,-0.027688384,0.030764365,0.025907995,0.01888138,-0.0086380502,0.023639646,0.018783276,-0.019050334,-0.019050334,0.0071247192,0.0071247192,0.042521025,0.010145226,-0.011925615,-0.011925615,0.042521025,0.010145226,-0.011925615,-0.011925615,0.022514053,0.01752626,-0.10058637,-0.095730003,0.022514053,0.01752626,-0.10058637,-0.095730003,0.00013171031,2.8784129e-07,-0.078204031,-0.078204031,0.042652736,0.010145513,0.022345098,-0.010162124,0.022382342,0.017525972,1.7674423e-05,-6.8503721e-09,-0.00089572905,-0.00089572905,-0.00065246843,-0.0008805678,-0.0002255862,-1.51681e-05,0.0018814782,-3.9034547e-07,-0.080891218,-0.080891218,9.4011364,8.2445966,-5.142872,-5.142872,9.1330767,9.0693069,-2.5968412,-2.5968412,0.14934733,0.1168401,-0.22741965,-0.19504385,0.0085305472,0.0020291027,-0.018025929,-0.018025929,3.1309105,3.1309105,-2.5505332,-2.6199121,0.0066664952,0.0066664952,1.9467317e-19,-1.5045053e-16,0,-2.5036448e-19,0,3.5074061e-16,0,-5.8474502e-18,0,9.0977502e-16,1.1455767e-05,6.5448892e-09,6.1782776e-05,6.1782776e-05
0.22397539,0.19018391,-0.024132255,0.0096592332,0.19984314,0.19984314,0.071158884,0.071158884,-0.15281651,-0.11902502,-0.029217799,-0.03333837,0.037867604,0.032821137,-0.029209438,-0.033338365,0.037910494,0.032864027,-0.010827712,-1.2226218e-05,-4.9073452e-18,-4.0526019e-18,0.00014865482,2.8117387e-07,-0.079079158,-0.079079158,-5.3989903,-0.0060849916,-0.0050251256,-0.0060849916,-0.0013126909,-0.0013126909,0.0022714629,-0.026325184,0.029632411,0.024585944,0.02038606,-0.0082105872,0.022900178,0.017853711,-0.018114597,-0.018114597,0.0067322331,0.0067322331,0.043286238,0.0096431238,-0.011382364,-0.011382364,0.043286238,0.0096431238,-0.011382364,-0.011382364,0.021860792,0.016665951,-0.10079129,-0.095744828,0.021860792,0.016665951,-0.10079129,-0.095744828,0.00014865482,2.8117386e-07,-0.079079158,-0.079079158,0.043434893,0.009643405,0.024132255,-0.0096592332,0.021712137,0.01666567,1.6944516e-05,-6.6674323e-09,-0.00087512728,-0.00087512728,-0.00065326072,-0.00086030906,-0.00020492205,-1.4824893e-05,0.0018261619,-3.7890186e-07,-0.08170454,-0.08170454,9.1529549,8.0288039,-5.1916397,-5.1916397,8.8955979,8.8319276,-2.6197157,-2.6197157,0.14489624,0.11110475,-0.22382674,-0.19018362,0.0086869786,0.001928681,-0.018092304,-0.018092304,3.1659464,3.1659464,-2.5866095,-2.6600481,0.0065131658,0.0065131658,1.7520586e-19,-1.5053147e-16,0,-2.5315051e-19,0,3.5295138e-16,0,-5.8063051e-18,0,9.1011247e-16,1.1497544e-05,6.4794645e-09,5.897357e-05,5.897357e-05
0.22037766,0.18543547,-0.025774292,0.0091679045,0.19460337,0.19460337,0.072465011,0.072465011,-0.14791265,-0.11297045,-0.02738997,-0.031649757,0.036362086,0.03114544,-0.027381588,-0.031649752,0.036403025,0.03118638,-0.010679057,-1.1945044e-05,-4.5750455e-17,-3.9611064e-18,0.0001648337,2.7468024e-07,-0.079934157,-0.079934157,-5.323045,-0.005945054,-0.0050251256,-0.005945054,-0.001282499,-0.001282499,0.0045676576,-0.024993334,0.028510947,0.023294301,0.02176804,-0.0077929523,0.022162173,0.016945527,-0.017200382,-0.017200382,0.0063487742,0.0063487742,0.043930212,0.0091525747,-0.010851608,-0.010851608,0.043930212,0.0091525747,-0.010851608,-0.010851608,0.021206634,0.01582543,-0.10097596,-0.095759312,0.021206634,0.01582543,-0.10097596,-0.095759312,0.0001648337,2.7468022e-07,-0.079934157,-0.079934157,0.044095046,0.0091528494,0.025774292,-0.0091679045,0.021041801,0.015825155,1.6178875e-05,-6.4936392e-09,-0.00085499936,-0.00085499936,-0.00065415744,-0.0008405213,-0.00018466304,-1.4484552e-05,0.0017665424,-3.6818997e-07,-0.082499155,-0.082499155,8.9070982,7.8179742,-5.2392858,-5.2392858,8.6634397,8.6000081,-2.6420641,-2.6420641,0.14044351,0.10550131,-0.22021283,-0.18543519,0.0088190092,0.0018305699,-0.018157153,-0.018157153,3.2001764,3.2001764,-2.6222837,-2.6995788,0.006363363,0.006363363,1.5768527e-19,-1.5060029e-16,0,-2.5587007e-19,0,3.5504615e-16,0,-5.7655628e-18,0,9.1039072e-16,1.1525095e-05,6.4146928e-09,5.6292072e-05,5.6292072e-05
0.21675814,0.18079622,-0.027274025,0.0086878936,0.18948412,0.18948412,0.073741098,0.073741098,-0.14301705,-0.10705513,-0.025616947,-0.029999984,0.034875533,0.029508237,-0.025608556,-0.02999998,0.034914611,0.029547316,-0.010514223,-1.1670364e-05,-4.9148413e-17,-3.8711513e-18,0.00018021438,2.6835133e-07,-0.080769492,-0.080769492,-5.2390901,-0.0058083468,-0.0050251256,-0.0058083468,-0.0012530016,-0.0012530016,0.0067225453,-0.023692132,0.027399659,0.022032364,0.023029739,-0.0073849377,0.021425525,0.016058229,-0.016307194,-0.016307194,0.0059741349,0.0059741349,0.044455264,0.008673291,-0.010333059,-0.010333059,0.044455264,0.008673291,-0.010333059,-0.010333059,0.02055148,0.015004238,-0.10114076,-0.095773461,0.02055148,0.015004238,-0.10114076,-0.095773461,0.00018021438,2.6835131e-07,-0.080769492,-0.080769492,0.044635478,0.0086735594,0.027274025,-0.0086878936,0.020371266,0.01500397,1.5380679e-05,-6.3289137e-09,-0.00083533437,-0.00083533437,-0.00065515458,-0.00082119187,-0.00016479911,-1.4148832e-05,0.0017029016,-3.5821106e-07,-0.083275495,-0.083275495,8.6636205,7.6119933,-5.2858361,-5.2858361,8.4364805,8.3734227,-2.6638985,-2.6638985,0.13598865,0.10002673,-0.21657793,-0.18079596,0.0089270956,0.0017347119,-0.01822051,-0.01822051,3.2336192,3.2336192,-2.6575694,-2.7385074,0.0062170057,0.0062170057,1.4191674e-19,-1.506583e-16,0,-2.5852479e-19,0,3.5703087e-16,0,-5.7252683e-18,0,9.1061627e-16,1.1538654e-05,6.3505677e-09,5.3732482e-05,5.3732482e-05
0.21311681,0.17626366,-0.028634202,0.0082189518,0.18448261,0.18448261,0.074987834,0.074987834,-0.13812897,-0.10127582,-0.023897531,-0.02838816,0.033407442,0.027908644,-0.023889139,-0.028388155,0.033444743,0.027945946,-0.010334009,-1.1402013e-05,-5.2277007e-17,-3.7827576e-18,0.00019476744,2.6217869e-07,-0.081585613,-0.081585613,-5.1475276,-0.0056747884,-0.0050251256,-0.0056747884,-0.0012241825,-0.0012241825,0.0087389702,-0.022420881,0.026298243,0.020799446,0.024173519,-0.0069863319,0.020690131,0.015191334,-0.015434549,-0.015434549,0.0056081122,0.0056081122,0.04486365,0.008205002,-0.0098264369,-0.0098264369,0.04486365,0.008205002,-0.0098264369,-0.0098264369,0.019895232,0.014201929,-0.10128608,-0.09578728,0.019895232,0.014201929,-0.10128608,-0.09578728,0.00019476744,2.6217867e-07,-0.081585613,-0.081585613,0.045058418,0.0082052642,0.028634202,-0.0082189518,0.019700464,0.014201667,1.4553059e-05,-6.1726385e-09,-0.00081612168,-0.00081612168,-0.0006562482,-0.00080230878,-0.00014532042,-1.3819076e-05,0.0016355202,-3.4891246e-07,-0.084033978,-0.084033978,8.4225781,7.4107497,-5.3313156,-5.3313156,8.2146022,8.1520488,-2.6852307,-2.6852307,0.1315312,0.094678042,-0.21292204,-0.17626339,0.0090116836,0.0016410528,-0.01828241,-0.01828241,3.2662927,3.2662927,-2.69248,-2.7768372,0.0060740145,0.0060740145,1.2772507e-19,-1.5070665e-16,0,-2.6111628e-19,0,3.5891115e-16,0,-5.6854602e-18,0,9.1079496e-16,1.1538588e-05,6.2870827e-09,5.1289262e-05,5.1289262e-05
0.20945364,0.1718353,-0.029857504,0.007760829,0.17959613,0.17959613,0.076205896,0.076205896,-0.13324774,-0.095629407,-0.022230547,-0.026813411,0.031957315,0.026345797,-0.022222164,-0.026813407,0.031992921,0.026381402,-0.010139241,-1.1139834e-05,-6.7601664e-17,-3.69594e-18,0.00020846653,2.5615478e-07,-0.082382964,-0.082382964,-5.048774,-0.0055443015,-0.0050251256,-0.0055443015,-0.0011960263,-0.0011960263,0.010619707,-0.021178898,0.025206399,0.019594881,0.025201682,-0.0065969224,0.019955891,0.014344373,-0.014581975,-0.014581975,0.0052505081,0.0052505081,0.045157573,0.0077474502,-0.009331467,-0.009331467,0.045157573,0.0077474502,-0.009331467,-0.009331467,0.019237797,0.013418068,-0.10141229,-0.095800777,0.019237797,0.013418068,-0.10141229,-0.095800777,0.00020846653,2.5615477e-07,-0.082382964,-0.082382964,0.045366039,0.0077477063,0.029857504,-0.007760829,0.019029331,0.013417812,1.3699095e-05,-6.023912e-09,-0.00079735088,-0.00079735088,-0.00065743444,-0.00078386068,-0.00012621735,-1.3496224e-05,0.001564677,-3.4021245e-07,-0.084775017,-0.084775017,8.1840291,7.2141345,-5.3757492,-5.3757492,7.9976896,7.9357664,-2.7060722,-2.7060722,0.12707067,0.089452338,-0.20924517,-0.17183505,0.0090732078,0.0015495413,-0.018342886,-0.018342886,3.2982148,3.2982148,-2.7270287,-2.814572,0.0059343122,0.0059343122,1.1495256e-19,-1.5074641e-16,0,-2.6364611e-19,0,3.6069233e-16,0,-5.6461714e-18,0,9.1093205e-16,1.1525386e-05,6.2242317e-09,4.8957126e-05,4.8957126e-05
0.20576859,0.16750877,-0.030946549,0.0073132762,0.17482204,0.17482204,0.077395942,0.077395942,-0.12837265,-0.090112827,-0.020614848,-0.025274886,0.03052467,0.024818852,-0.020606485,-0.025274882,0.030558656,0.024852838,-0.0099307747,-1.0883679e-05,-6.3230126e-17,-3.610708e-18,0.00022128836,2.5027305e-07,-0.083161976,-0.083161976,-4.9432585,-0.0054168123,-0.0050251256,-0.0054168123,-0.0011685177,-0.0011685177,0.012367461,-0.019965508,0.024123833,0.018418015,0.026116471,-0.0062164975,0.019222705,0.013516886,-0.01374901,-0.01374901,0.0049011289,0.0049011289,0.045339176,0.007300389,-0.0088478815,-0.0088478815,0.045339176,0.007300389,-0.0088478815,-0.0088478815,0.018579088,0.012652232,-0.10151978,-0.095813957,0.018579088,0.012652232,-0.10151978,-0.095813957,0.00022128836,2.5027303e-07,-0.083161976,-0.083161976,0.045560464,0.0073006393,0.030946549,-0.0073132762,0.018357799,0.012651981,1.2821825e-05,-5.8817349e-09,-0.00077901181,-0.00077901181,-0.00065870948,-0.00076583684,-0.00010748051,-1.3180857e-05,0.001490649,-3.3201865e-07,-0.085499011,-0.085499011,7.9480333,7.0220413,-5.4191608,-5.4191608,7.7856306,7.7244586,-2.7264344,-2.7264344,0.12260662,0.084346793,-0.20554731,-0.16750852,0.0091120929,0.0014601279,-0.018401971,-0.018401971,3.3294027,3.3294027,-2.7612285,-2.8517153,0.005797823,0.005797823,1.0345731e-19,-1.5077852e-16,0,-2.661158e-19,0,3.6237949e-16,0,-5.6074294e-18,0,9.1103223e-16,1.1499647e-05,6.1620082e-09,4.6731024e-05,4.6731024e-05
0.20206165,0.16328172,-0.031903891,0.0068760465,0.17015776,0.17015776,0.078558617,0.078558617,-0.12350304,-0.084723099,-0.019049318,-0.023771751,0.029109031,0.023326986,-0.019040982,-0.023771746,0.029141472,0.023359427,-0.0097094864,-1.0633406e-05,-7.1847793e-17,-3.5270663e-18,0.00023321259,2.4452791e-07,-0.083923071,-0.083923071,-4.8314219,-0.0052922503,-0.0050251256,-0.0052922503,-0.0011416418,-0.0011416418,0.013984873,-0.018780051,0.023050259,0.017268213,0.026920077,-0.0058448474,0.018490474,0.012708428,-0.012935204,-0.012935204,0.0045597854,0.0045597854,0.04541055,0.0068635807,-0.0083754184,-0.0083754184,0.04541055,0.0068635807,-0.0083754184,-0.0083754184,0.017919018,0.011904005,-0.10160888,-0.095826831,0.017919018,0.011904005,-0.10160888,-0.095826831,0.00023321259,2.445279e-07,-0.083923071,-0.083923071,0.045643763,0.0068638252,0.031903891,-0.0068760465,0.017685806,0.01190376,1.1924238e-05,-5.7451371e-09,-0.00076109454,-0.00076109454,-0.00066006961,-0.00074822702,-8.9100693e-05,-1.2873261e-05,0.0014137121,-3.242406e-07,-0.086206354,-0.086206354,7.7146526,6.834366,-5.4615739,-5.4615739,7.5783161,7.5180108,-2.7463283,-2.7463283,0.11813858,0.079358645,-0.20182844,-0.16328147,0.0091287526,0.001372765,-0.018459698,-0.018459698,3.3598732,3.3598732,-2.7950922,-2.8882713,0.0056644731,0.0056644731,9.3111575e-20,-1.5080383e-16,0,-2.6852683e-19,0,3.6397745e-16,0,-5.5692575e-18,0,9.1109973e-16,1.1462072e-05,6.1004061e-09,4.4606139e-05,4.4606139e-05
0.19833278,0.15915186,-0.032732024,0.0064488978,0.16560076,0.16560076,0.079694551,0.079694551,-0.11863823,-0.07945731,-0.017532862,-0.02230319,0.027709935,0.021869395,-0.017524562,-0.022303186,0.027740901,0.02190036,-0.0094762738,-1.0388878e-05,-6.3377586e-17,-3.4450152e-18,0.00024422187,2.3891466e-07,-0.08466666,-0.08466666,-4.7137147,-0.0051705476,-0.0050251256,-0.0051705476,-0.001115384,-0.001115384,0.015474517,-0.017621881,0.021985394,0.016144853,0.027614632,-0.0054817662,0.017759101,0.011918561,-0.012140115,-0.012140115,0.0042262928,0.0042262928,0.045373734,0.0064367944,-0.0079138219,-0.0079138219,0.045373734,0.0064367944,-0.0079138219,-0.0079138219,0.017257507,0.011172983,-0.10167995,-0.095839404,0.017257507,0.011172983,-0.10167995,-0.095839404,0.00024422187,2.3891465e-07,-0.08466666,-0.08466666,0.045617956,0.0064370333,0.032732024,-0.0064488978,0.017013285,0.011172744,1.1009281e-05,-5.6132536e-09,-0.00074358937,-0.00074358937,-0.00066151116,-0.00073102149,-7.1068924e-05,-1.2573493e-05,0.0013341406,-3.1679739e-07,-0.086897428,-0.086897428,7.4839505,6.6510072,-5.5030115,-5.5030115,7.3756399,7.3163114,-2.7657646,-2.7657646,0.11366612,0.0744852,-0.19808856,-0.15915162,0.0091235911,0.0012874067,-0.018516096,-0.018516096,3.3896429,3.3896429,-2.8286324,-2.924244,0.0055341902,0.0055341902,8.3800418e-20,-1.5082311e-16,0,-2.7088064e-19,0,3.6549076e-16,0,-5.5316747e-18,0,9.1113834e-16,1.1413447e-05,6.0394192e-09,4.2577869e-05,4.2577869e-05
0.19458195,0.15511697,-0.033433382,0.0060315925,0.16114857,0.16114857,0.080804358,0.080804358,-0.11377759,-0.074312615,-0.016064415,-0.020868409,0.026326927,0.020445292,-0.016056157,-0.020868405,0.026356485,0.020474849,-0.0092320519,-1.0149964e-05,-3.3865503e-17,-3.3645516e-18,0.00025430173,2.334293e-07,-0.085393147,-0.085393147,-4.5905958,-0.0050516388,-0.0050251256,-0.0050516388,-0.0010897302,-0.0010897302,0.016838905,-0.016490365,0.020928964,0.015047328,0.028202218,-0.005127052,0.017028493,0.011146857,-0.011363313,-0.011363313,0.0039004705,0.0039004705,0.045230711,0.0060198052,-0.0074628422,-0.0074628422,0.045230711,0.0060198052,-0.0074628422,-0.0074628422,0.016594476,0.010458772,-0.10173332,-0.095851686,0.016594476,0.010458772,-0.10173332,-0.095851686,0.00025430173,2.3342929e-07,-0.085393147,-0.085393147,0.045485013,0.0060200386,0.033433382,-0.0060315925,0.016340175,0.010458539,1.0079857e-05,-5.4853629e-09,-0.00072648681,-0.00072648681,-0.00066303054,-0.00071421085,-5.3376415e-05,-1.2281447e-05,0.0012522075,-3.0962157e-07,-0.087572607,-0.087572607,7.2559923,6.4718656,-5.543496,-5.543496,7.1774984,7.119251,-2.7847539,-2.7847539,0.1091888,0.069723826,-0.19432764,-0.15511674,0.0090970025,0.0012040077,-0.018571198,-0.018571198,3.4187279,3.4187279,-2.8618614,-2.9596379,0.0054069038,0.0054069038,7.5420376e-20,-1.5083703e-16,0,-2.7317863e-19,0,3.6692378e-16,0,-5.4946962e-18,0,9.1115146e-16,1.1354635e-05,5.9790414e-09,4.0641823e-05,4.0641823e-05
0.19080911,0.15117487,-0.034010337,0.0056238989,0.15679877,0.15679877,0.081888639,0.081888639,-0.10892047,-0.069286234,-0.014642936,-0.01946663,0.024959563,0.019053909,-0.014634727,-0.019466625,0.024987777,0.019082123,-0.0089777502,-9.9165342e-06,-1.9534502e-17,-3.2856689e-18,0.00026344056,2.2806841e-07,-0.086102924,-0.086102924,-4.462531,-0.0049354603,-0.0050251256,-0.0049354603,-0.0010646664,-0.0010646664,0.018080485,-0.015384885,0.019880697,0.013975043,0.028684862,-0.0047805079,0.016298554,0.010392901,-0.010604377,-0.010604377,0.0035821422,0.0035821422,0.044983416,0.005612393,-0.0070222351,-0.0070222351,0.044983416,0.005612393,-0.0070222351,-0.0070222351,0.015929852,0.0097609862,-0.10176934,-0.095863683,0.015929852,0.0097609862,-0.10176934,-0.095863683,0.00026344056,2.2806839e-07,-0.086102924,-0.086102924,0.045246857,0.005612621,0.034010337,-0.0056238989,0.015666412,0.0097607582,9.1388282e-06,-5.3608964e-09,-0.00070977761,-0.00070977761,-0.00066462421,-0.00069778606,-3.6014579e-05,-1.1996914e-05,0.0011681846,-3.0266028e-07,-0.088232257,-0.088232257,7.0308451,6.2968442,-5.5830494,-5.5830494,6.9837911,6.926723,-2.8033064,-2.8033064,0.10470619,0.065071949,-0.19054567,-0.15117465,0.0090493714,0.0011225242,-0.018625032,-0.018625032,3.447144,3.447144,-2.8947914,-2.9944573,0.005282545,0.005282545,6.7878338e-20,-1.5084622e-16,0,-2.7542218e-19,0,3.6828062e-16,0,-5.4583341e-18,0,9.1114213e-16,1.1286565e-05,5.9192666e-09,3.8793807e-05,3.8793807e-05
0.18701423,0.14732343,-0.034465208,0.0052255914,0.15254902,0.15254902,0.082947983,0.082947983,-0.10406625,-0.064375451,-0.013267406,-0.018097092,0.023607406,0.017694497,-0.013259254,-0.018097088,0.023634337,0.017721428,-0.0087143096,-9.6884658e-06,-1.2661249e-17,-3.2083576e-18,0.00027162958,2.2282898e-07,-0.086796377,-0.086796377,-4.3299919,-0.00482195,-0.0050251256,-0.00482195,-0.0010401791,-0.0010401791,0.019201645,-0.014304839,0.018840329,0.01292742,0.029064542,-0.0044419421,0.015569193,0.0096562842,-0.0098628972,-0.0098628972,0.0032711353,0.0032711353,0.044633735,0.0052143421,-0.0065917618,-0.0065917618,0.044633735,0.0052143421,-0.0065917618,-0.0065917618,0.015263564,0.0090792479,-0.10178831,-0.095875402,0.015263564,0.0090792479,-0.10178831,-0.095875402,0.00027162958,2.2282897e-07,-0.086796377,-0.086796377,0.044905365,0.005214565,0.034465208,-0.0052255914,0.014991934,0.0090790251,8.1890172e-06,-5.2394305e-09,-0.00069345273,-0.00069345273,-0.00066628869,-0.00068173835,-1.8975018e-05,-1.1719621e-05,0.0010823423,-2.9587459e-07,-0.088876735,-0.088876735,6.8085777,6.1258483,-5.6216931,-5.6216931,6.7944197,6.7386232,-2.8214322,-2.8214322,0.10021786,0.060527057,-0.1867426,-0.14732321,0.0089810729,0.001042913,-0.018677628,-0.018677628,3.4749065,3.4749065,-2.9274345,-3.028707,0.0051610465,0.0051610465,6.1090504e-20,-1.5085121e-16,0,-2.7761261e-19,0,3.6956521e-16,0,-5.4225978e-18,0,9.1111309e-16,1.1210213e-05,5.8600889e-09,3.7029821e-05,3.7029821e-05
0.18319728,0.14356057,-0.034800256,0.0048364503,0.14839702,0.14839702,0.083982961,0.083982961,-0.099214317,-0.059577611,-0.011936835,-0.016759055,0.022270031,0.016366322,-0.011928743,-0.016759051,0.022295738,0.016392028,-0.0084426801,-9.4656369e-06,-1.6436991e-17,-3.132606e-18,0.00027886278,2.1770831e-07,-0.08747388,-0.08747388,-4.1934537,-0.0047110476,-0.0050251256,-0.0047110476,-0.001016255,-0.001016255,0.020204713,-0.013249639,0.0178076,0.011903891,0.029343184,-0.0041111678,0.014840318,0.008936609,-0.0091384712,-0.0091384712,0.0029672817,0.0029672817,0.044183502,0.0048254412,-0.0061711895,-0.0061711895,0.044183502,0.0048254412,-0.0061711895,-0.0061711895,0.014595543,0.0084131887,-0.10179056,-0.095886851,0.014595543,0.0084131887,-0.10179056,-0.095886851,0.00027886278,2.177083e-07,-0.08747388,-0.08747388,0.044462365,0.0048256589,0.034800256,-0.0048364503,0.01431668,0.008412971,7.2332066e-06,-5.1206668e-09,-0.00067750332,-0.00067750332,-0.00066802059,-0.00066605916,-2.2495228e-06,-1.1449274e-05,0.00099495023,-2.8923765e-07,-0.08950639,-0.08950639,6.5892605,5.9587854,-5.6594479,-5.6594479,6.6092887,6.5548496,-2.8391411,-2.8391411,0.095723397,0.056086691,-0.18291841,-0.14356035,0.008892473,0.00096513178,-0.018729014,-0.018729014,3.5020304,3.5020304,-2.9598026,-3.0623917,0.0050423424,0.0050423424,5.4981454e-20,-1.5085252e-16,0,-2.7975123e-19,0,3.7078124e-16,0,-5.3874939e-18,0,9.1106678e-16,1.1126599e-05,5.8015023e-09,3.5346043e-05,3.5346043e-05
0.1793582,0.13988425,-0.035017687,0.0044562618,0.14434051,0.14434051,0.084994134,0.084994134,-0.094364067,-0.054890118,-0.010650253,-0.015451793,0.020947021,0.015068667,-0.010642226,-0.015451789,0.020971558,0.015093205,-0.0081638173,-9.2479286e-06,-2.5189346e-17,-3.0584e-18,0.00028513692,2.1270391e-07,-0.088135801,-0.088135801,-4.0533949,-0.0046026939,-0.0050251256,-0.0046026939,-0.00099288111,-0.00099288111,0.02109196,-0.01221871,0.016782256,0.010903903,0.029522667,-0.0037880033,0.01411184,0.0082334859,-0.008430707,-0.008430707,0.0026704167,0.0026704167,0.043634507,0.0044454825,-0.0057602903,-0.0057602903,0.043634507,0.0044454825,-0.0057602903,-0.0057602903,0.013925726,0.0077624486,-0.10177639,-0.095898037,0.013925726,0.0077624486,-0.10177639,-0.095898037,0.00028513692,2.127039e-07,-0.088135801,-0.088135801,0.043919644,0.0044456952,0.035017687,-0.0044562618,0.01364059,0.0077622358,6.2741411e-06,-5.0044086e-09,-0.00066192074,-0.00066192074,-0.00066981653,-0.00065074017,1.4169933e-05,-1.1185578e-05,0.00090627689,-2.827325e-07,-0.090121563,-0.090121563,6.3729657,5.7955648,-5.6963344,-5.6963344,6.4283052,6.3753029,-2.8564427,-2.8564427,0.0912224,0.051748452,-0.17907306,-0.13988404,0.0087839288,0.00088913904,-0.018779218,-0.018779218,3.5285305,3.5285305,-2.9919074,-3.0955165,0.0049263686,0.0049263686,4.9483309e-20,-1.5085057e-16,0,-2.8183929e-19,0,3.7193226e-16,0,-5.3530267e-18,0,9.1100539e-16,1.1036767e-05,5.7435009e-09,3.3738827e-05,3.3738827e-05
0.17549696,0.13629249,-0.035119654,0.0040848181,0.14037731,0.14037731,0.085982051,0.085982051,-0.08951491,-0.050310438,-0.009406714,-0.014174598,0.019637966,0.013800832,-0.0093987564,-0.014174593,0.019661388,0.013824254,-0.0078786803,-9.0352247e-06,-1.8122052e-17,-2.9857237e-18,0.00029045145,2.0781337e-07,-0.088782498,-0.088782498,-3.910295,-0.004496831,-0.0050251256,-0.004496831,-0.00097004484,-0.00097004484,0.0218656,-0.011211493,0.015764048,0.0099269141,0.029604822,-0.003472272,0.013383669,0.0075465345,-0.0077392214,-0.0077392214,0.0023803796,0.0023803796,0.042988491,0.0040742625,-0.0053588419,-0.0053588419,0.042988491,0.0040742625,-0.0053588419,-0.0053588419,0.013254053,0.0071266754,-0.1017461,-0.095908965,0.013254053,0.0071266754,-0.1017461,-0.095908965,0.00029045145,2.0781336e-07,-0.088782498,-0.088782498,0.043278942,0.0040744703,0.035119654,-0.0040848181,0.012963602,0.0071264675,5.314529e-06,-4.890536e-09,-0.00064669656,-0.00064669656,-0.00067167323,-0.0006357732,3.0291199e-05,-1.0928253e-05,0.00081658982,-2.7634964e-07,-0.090722587,-0.090722587,6.1597671,5.6360984,-5.7323725,-5.7323725,6.2513785,6.1998857,-2.8733464,-2.8733464,0.086714463,0.047509991,-0.17520651,-0.13629228,0.0086557884,0.00081489407,-0.018828268,-0.018828268,3.5544211,3.5544211,-3.0237604,-3.1280864,0.0048130621,0.0048130621,4.4534978e-20,-1.5084577e-16,0,-2.8387803e-19,0,3.730216e-16,0,-5.3191988e-18,0,9.1093088e-16,1.0941778e-05,5.6860789e-09,3.2204691e-05,3.2204691e-05
0.17161351,0.13278334,-0.035108257,0.0037219166,0.13650525,0.13650525,0.086947246,0.086947246,-0.084666265,-0.045836091,-0.0082052941,-0.012926778,0.018342467,0.012562132,-0.0081974085,-0.012926774,0.018364824,0.012584489,-0.0075882289,-8.8274113e-06,-3.6673028e-17,-2.9145597e-18,0.0002948085,2.0303439e-07,-0.08941432,-0.08941432,-3.7646336,-0.0043934022,-0.0050251256,-0.0043934022,-0.00094773381,-0.00094773381,0.022527791,-0.010227442,0.014752732,0.0089723965,0.029591431,-0.0031638017,0.012655718,0.0068753832,-0.00706364,-0.00706364,0.0020970133,0.0020970133,0.04224715,0.0037115815,-0.0049666267,-0.0049666267,0.04224715,0.0037115815,-0.0049666267,-0.0049666267,0.012580466,0.0065055251,-0.10169998,-0.095919642,0.012580466,0.0065055251,-0.10169998,-0.095919642,0.0002948085,2.0303438e-07,-0.08941432,-0.08941432,0.042541958,0.0037117846,0.035108257,-0.0037219166,0.012285657,0.006505322,4.3570427e-06,-4.778983e-09,-0.00063182254,-0.00063182254,-0.00067358745,-0.00062115028,4.6121947e-05,-1.0677043e-05,0.00072615572,-2.7008487e-07,-0.091309788,-0.091309788,5.9497402,5.4802997,-5.7675818,-5.7675818,6.0784202,6.0285031,-2.8898613,-2.8898613,0.08219919,0.043369017,-0.1713187,-0.13278313,0.0085083916,0.00074235691,-0.018876189,-0.018876189,3.5797162,3.5797162,-3.0553729,-3.1601067,0.0047023617,0.0047023617,4.008148e-20,-1.5083847e-16,0,-2.8586864e-19,0,3.7405245e-16,0,-5.2860107e-18,0,9.1084501e-16,1.0842697e-05,5.6292306e-09,3.0740314e-05,3.0740314e-05
0.1677078,0.1293549,-0.034985546,0.0033673602,0.13272226,0.13272226,0.087890241,0.087890241,-0.079817562,-0.041464656,-0.0070450918,-0.011707658,0.017060132,0.011351898,-0.0070372805,-0.011707654,0.017081472,0.011373239,-0.0072934204,-8.6243769e-06,-1.8750754e-17,-2.8448891e-18,0.00029821282,1.9836468e-07,-0.090031611,-0.090031611,-3.6168889,-0.004292352,-0.0050251256,-0.004292352,-0.00092593593,-0.00092593593,0.023080637,-0.0092660217,0.013748067,0.0080398331,0.029484234,-0.0028624248,0.011927902,0.0062196686,-0.0064035969,-0.0064035969,0.0018201645,0.0018201645,0.041412136,0.0033572439,-0.0045834325,-0.0045834325,0.041412136,0.0033572439,-0.0045834325,-0.0045834325,0.01190491,0.0058986615,-0.10163831,-0.095930074,0.01190491,0.0058986615,-0.10163831,-0.095930074,0.00029821282,1.9836467e-07,-0.090031611,-0.090031611,0.041710349,0.0033574422,0.034985546,-0.0033673602,0.011606697,0.0058984631,3.4043202e-06,-4.6697183e-09,-0.00061729062,-0.00061729062,-0.00067555598,-0.00060686357,6.1669681e-05,-1.043172e-05,0.00063524052,-2.6393739e-07,-0.091883483,-0.091883483,5.7429618,5.3280844,-5.8019812,-5.8019812,5.9093444,5.8610623,-2.9059963,-2.9059963,0.077676193,0.039323286,-0.16740959,-0.1293547,0.0083420698,0.00067148844,-0.018923009,-0.018923009,3.6044296,3.6044296,-3.0867564,-3.1915827,0.0045942073,0.0045942073,3.6073332e-20,-1.5082899e-16,0,-2.878123e-19,0,3.7502782e-16,0,-5.2534616e-18,0,9.1074935e-16,1.0740581e-05,5.5729501e-09,2.9342523e-05,2.9342523e-05
0.16377979,0.12600531,-0.034753521,0.0030209566,0.12902627,0.12902627,0.088811547,0.088811547,-0.074968244,-0.037193766,-0.0059252268,-0.010516577,0.015790578,0.010169478,-0.0059174912,-0.010516573,0.015810947,0.010189847,-0.0069952076,-8.4260123e-06,-3.6336353e-17,-2.7766919e-18,0.00030067178,1.9380195e-07,-0.090634704,-0.090634704,-3.4675366,-0.0041936259,-0.0050251256,-0.0041936259,-0.00090463941,-0.00090463941,0.023526187,-0.0083267127,0.012749819,0.0071287189,0.029284922,-0.0025679779,0.011200136,0.0055790358,-0.0057587348,-0.0057587348,0.0015496831,0.0015496831,0.040485058,0.0030110579,-0.0042090517,-0.0042090517,0.040485058,0.0030110579,-0.0042090517,-0.0042090517,0.011227334,0.0053057561,-0.10156137,-0.095940266,0.011227334,0.0053057561,-0.10156137,-0.095940266,0.00030067178,1.9380194e-07,-0.090634704,-0.090634704,0.04078573,0.0030112517,0.034753521,-0.0030209566,0.010926662,0.0053055623,2.458966e-06,-4.56273e-09,-0.00060309294,-0.00060309294,-0.00067757571,-0.00059290542,7.6941738e-05,-1.0192085e-05,0.00054410942,-2.5790827e-07,-0.092443983,-0.092443983,5.5395108,5.1793701,-5.8355894,-5.8355894,5.7440672,5.6974727,-2.9217603,-2.9217603,0.073145087,0.035370609,-0.16347912,-0.12600512,0.0081571459,0.00060225034,-0.018968751,-0.018968751,3.6285745,3.6285745,-3.1179219,-3.2225198,0.0044885406,0.0044885406,3.2465999e-20,-1.5081761e-16,0,-2.8971014e-19,0,3.7595058e-16,0,-5.2215492e-18,0,9.106453e-16,1.0636467e-05,5.517232e-09,2.800829e-05,2.800829e-05
0.15982942,0.12273277,-0.034414133,0.0026825184,0.12541529,0.12541529,0.089711663,0.089711663,-0.070117759,-0.033021108,-0.0048448398,-0.009352891,0.014533428,0.0090142312,-0.0048371806,-0.0093528871,0.014552871,0.0090336746,-0.0066945358,-8.2322103e-06,-4.710929e-17,-2.709947e-18,0.00030219533,1.8934394e-07,-0.091223926,-0.091223926,-3.3170484,-0.0040971708,-0.0050251256,-0.0040971708,-0.0008838327,-0.0008838327,0.023866442,-0.0074090062,0.011757757,0.0062385607,0.028995147,-0.0022803016,0.010472335,0.0049531378,-0.0051287046,-0.0051287046,0.0012854229,0.0012854229,0.039467481,0.0026728362,-0.0038432817,-0.0038432817,0.039467481,0.0026728362,-0.0038432817,-0.0038432817,0.010547691,0.0047264878,-0.10146942,-0.095950224,0.010547691,0.0047264878,-0.10146942,-0.095950224,0.00030219533,1.8934393e-07,-0.091223926,-0.091223926,0.039769677,0.0026730255,0.034414133,-0.0026825184,0.010245495,0.0047262984,1.523552e-06,-4.458014e-09,-0.0005892218,-0.0005892218,-0.00067964354,-0.0005792683,9.1945293e-05,-9.95796e-06,0.00045302699,-2.5199941e-07,-0.092991591,-0.092991591,5.3394672,5.0340762,-5.8684247,-5.8684247,5.582507,5.5376456,-2.9371616,-2.9371616,0.068605497,0.031508846,-0.15952723,-0.12273258,0.0079539353,0.00053460511,-0.019013441,-0.019013441,3.6521641,3.6521641,-3.1488803,-3.2529237,0.0043853041,0.0043853041,2.9219399e-20,-1.508046e-16,0,-2.9156327e-19,0,3.7682345e-16,0,-5.1902701e-18,0,9.105341e-16,1.0531367e-05,5.4620705e-09,2.6734726e-05,2.6734726e-05
0.15585665,0.1195355,-0.033969283,0.0023518625,0.12188736,0.12188736,0.090591077,0.090591077,-0.065265569,-0.028944423,-0.0038030919,-0.0082159696,0.013288315,0.0078855348,-0.0037955091,-0.0082159656,0.013306874,0.0079040941,-0.0063923405,-8.0428664e-06,-2.229956e-17,-2.6446328e-18,0.00030279595,1.8498837e-07,-0.091799595,-0.091799595,-3.1658906,-0.0040029344,-0.0050251256,-0.0040029344,-0.00086350455,-0.00086350455,0.024103349,-0.0065124054,0.010771657,0.0053688763,0.028616514,-0.0019992403,0.0097444159,0.0043416357,-0.0045131651,-0.0045131651,0.0010272406,0.0010272406,0.03836093,0.0023423954,-0.0034859244,-0.0034859244,0.03836093,0.0023423953,-0.0034859244,-0.0034859244,0.0098659341,0.0041605429,-0.10136273,-0.095959953,0.0098659341,0.0041605429,-0.10136273,-0.095959953,0.00030279595,1.8498836e-07,-0.091799595,-0.091799595,0.038663726,0.0023425803,0.033969283,-0.0023518625,0.0095631381,0.0041603579,6.0061885e-07,-4.3555667e-09,-0.0005756697,-0.0005756697,-0.00068175644,-0.00056594486,0.00010668736,-9.7291914e-06,0.00036225722,-2.4621269e-07,-0.093526604,-0.093526604,5.1429128,4.892124,-5.9005047,-5.9005047,5.4245841,5.3814946,-2.9522088,-2.9522088,0.06405705,0.027735905,-0.15555385,-0.11953531,0.0077327452,0.00046851607,-0.019057104,-0.019057104,3.6752111,3.6752111,-3.1796426,-3.2828,0.0042844421,0.0042844421,2.6297459e-20,-1.5079017e-16,0,-2.9337278e-19,0,3.7764901e-16,0,-5.1596197e-18,0,9.1041689e-16,1.0426249e-05,5.4074601e-09,2.5519072e-05,2.5519072e-05
0.15186141,0.11641177,-0.033420829,0.0020288102,0.11844058,0.11844058,0.091450264,0.091450264,-0.060411143,-0.024961503,-0.002799164,-0.0071051972,0.012054878,0.0067827787,-0.0027916571,-0.0071051933,0.012072594,0.0068004941,-0.0060895445,-7.857878e-06,-2.0186578e-17,-2.5807267e-18,0.00030248863,1.8073299e-07,-0.092362025,-0.092362025,-3.0145234,-0.0039108657,-0.0050251256,-0.0039108657,-0.00084364394,-0.00084364394,0.024238807,-0.0056364252,0.0097912947,0.0045191949,0.02815059,-0.0017246423,0.0090162981,0.0037441984,-0.0039117829,-0.0039117829,0.00077499655,0.00077499655,0.037166888,0.0020195561,-0.0031367864,-0.0031367864,0.037166888,0.0020195561,-0.0031367864,-0.0031367864,0.0091820227,0.003607615,-0.10124156,-0.095969459,0.0091820227,0.003607615,-0.10124156,-0.095969459,0.00030248863,1.8073298e-07,-0.092362025,-0.092362025,0.037469376,0.0020197368,0.033420829,-0.0020288102,0.008879534,0.0036074343,-3.073234e-07,-4.2553798e-09,-0.0005624293,-0.0005624293,-0.00068391142,-0.00055292791,0.0001211748,-9.5056409e-06,0.00027206361,-2.4054957e-07,-0.094049312,-0.094049312,4.9499308,4.7534368,-5.9318469,-5.9318469,5.2702208,5.228935,-2.9669098,-2.9669098,0.059499382,0.024049743,-0.15155892,-0.11641159,0.0074938753,0.00040394737,-0.019099762,-0.019099762,3.697728,3.697728,-3.2102196,-3.3121543,0.0041859,0.0041859,2.3667713e-20,-1.5077453e-16,0,-2.9513972e-19,0,3.784297e-16,0,-5.1295927e-18,0,9.1029465e-16,1.0322038e-05,5.3533953e-09,2.4358695e-05,2.4358695e-05
0.14784365,0.11335988,-0.032770582,0.0017131869,0.11507307,0.11507307,0.09228969,0.09228969,-0.055553961,-0.021070192,-0.0018322569,-0.0060199723,0.010832765,0.0057053672,-0.0018248245,-0.0060199685,0.010849675,0.0057222771,-0.0057870559,-7.677145e-06,-3.5194713e-17,-2.5182059e-18,0.00030129083,1.7657556e-07,-0.092911518,-0.092911518,-2.8633989,-0.003820915,-0.0050251256,-0.003820915,-0.00082424013,-0.00082424013,0.024274665,-0.0047805915,0.0088164546,0.0036890564,0.027598898,-0.001456359,0.0082879005,0.0031605023,-0.0033242326,-0.0033242326,0.0005285541,0.0005285541,0.035886798,0.0017041433,-0.0027956785,-0.0027956785,0.035886798,0.0017041433,-0.0027956785,-0.0027956785,0.0084959171,0.0030674046,-0.10110614,-0.095978746,0.0084959171,0.0030674046,-0.10110614,-0.095978746,0.00030129083,1.7657555e-07,-0.092911518,-0.092911518,0.036188089,0.0017043199,0.032770582,-0.0017131869,0.0081946263,0.003067228,-1.197794e-06,-4.157438e-09,-0.00054949342,-0.00054949342,-0.00068610554,-0.0005402104,0.00013541433,-9.2871833e-06,0.00018270923,-2.3501076e-07,-0.094559998,-0.094559998,4.7606059,4.6179394,-5.9624682,-5.9624682,5.1193415,5.0798843,-2.9812728,-2.9812728,0.054932133,0.020448364,-0.14754236,-0.1133597,0.0072376178,0.00034086398,-0.019141439,-0.019141439,3.7197271,3.7197271,-3.2406217,-3.3409926,0.0040896243,0.0040896243,2.1300942e-20,-1.5075787e-16,0,-2.9686511e-19,0,3.7916786e-16,0,-5.1001828e-18,0,9.1016828e-16,1.0219599e-05,5.2998708e-09,2.3251081e-05,2.3251081e-05
0.14380332,0.11037819,-0.032020308,0.0014048222,0.11178301,0.11178301,0.093109809,0.093109809,-0.050693512,-0.017268381,-0.00090159011,-0.0049597076,0.0096216303,0.0046527182,-0.0008942303,-0.0049597038,0.0096377712,0.0046688592,-0.0054857651,-7.5005695e-06,-2.9257605e-17,-2.4570468e-18,0.00029922249,1.7251384e-07,-0.093448373,-0.093448373,-2.7129603,-0.0037330334,-0.0050251256,-0.0037330334,-0.00080528261,-0.00080528261,0.024212727,-0.0039444413,0.0078469232,0.0028780112,0.026962923,-0.0011942455,0.0075591434,0.0025902313,-0.0027501959,-0.0027501959,0.00028777982,0.00028777982,0.034522066,0.0013959859,-0.0024624161,-0.0024624161,0.034522066,0.0013959859,-0.0024624161,-0.0024624161,0.0078075812,0.0025396192,-0.10095673,-0.09598782,0.0078075812,0.0025396192,-0.10095673,-0.09598782,0.00029922249,1.7251383e-07,-0.093448373,-0.093448373,0.034821289,0.0013961584,0.032020308,-0.0014048222,0.0075083587,0.0025394467,-2.0683407e-06,-4.0617184e-09,-0.00053685507,-0.00053685507,-0.00068833591,-0.00052778543,0.0001494125,-9.0737031e-06,9.4456766e-05,-2.2959625e-07,-0.095058938,-0.095058938,4.5750244,4.4855584,-5.9923853,-5.9923853,4.9718723,4.9342617,-2.9953053,-2.9953053,0.050354947,0.016929817,-0.1435041,-0.11037802,0.0069642577,0.00027923168,-0.019182158,-0.019182158,3.7412202,3.7412202,-3.2708597,-3.3693206,0.0039955629,0.0039955629,1.9170848e-20,-1.5074034e-16,0,-2.9854995e-19,0,3.7986568e-16,0,-5.0713833e-18,0,9.1003855e-16,1.0119732e-05,5.2468811e-09,2.2193831e-05,2.2193831e-05
0.13974036,0.10746508,-0.03117173,0.0011035492,0.10856863,0.10856863,0.093911065,0.093911065,-0.045829292,-0.013554013,-6.4018712e-06,-0.0039238289,0.0084211342,0.003624263,8.8770468e-07,-0.0039238251,0.0084365412,0.00363967,-0.0051865426,-7.3280557e-06,-2.1291545e-17,-2.3972257e-18,0.00029630596,1.6854565e-07,-0.09397288,-0.09397288,-2.5636407,-0.0036471733,-0.0050251256,-0.0036471733,-0.00078676111,-0.00078676111,0.024054748,-0.0031275221,0.0068824913,0.0020856201,0.02624411,-0.00093816012,0.0068299479,0.0020330767,-0.002189362,-0.002189362,5.2543343e-05,5.2543343e-05,0.033074058,0.0010949166,-0.0021368187,-0.0021368187,0.033074058,0.0010949166,-0.0021368187,-0.0021368187,0.0071169815,0.0020239729,-0.10079356,-0.095996685,0.0071169815,0.0020239729,-0.10079356,-0.095996685,0.00029630596,1.6854564e-07,-0.09397288,-0.09397288,0.033370364,0.0010950851,0.03117173,-0.0011035492,0.0068206756,0.0020238044,-2.9165388e-06,-3.9681909e-09,-0.00052450741,-0.00052450741,-0.00069059967,-0.00051564628,0.00016317573,-8.8650913e-06,7.5686135e-06,-2.2430521e-07,-0.095546403,-0.095546403,4.3932739,4.3562222,-6.0216142,-6.0216142,4.8277412,4.7919885,-3.0090152,-3.0090152,0.045767476,0.013492198,-0.13944405,-0.10746491,0.0066740728,0.00021901703,-0.01922194,-0.01922194,3.7622189,3.7622189,-3.3009438,-3.3971445,0.003903665,0.003903665,1.7253763e-20,-1.5072209e-16,0,-3.0019523e-19,0,3.8052528e-16,0,-5.0431868e-18,0,9.0990618e-16,1.0023167e-05,5.1944208e-09,2.1184656e-05,2.1184656e-05
0.1356547,0.10461897,-0.030226527,0.00080920528,0.10542817,0.10542817,0.094693892,0.094693892,-0.040960808,-0.0099250759,0.00085405137,-0.0029117753,0.0072309454,0.0026194457,0.00086127359,-0.0029117716,0.0072456519,0.0026341522,-0.0048902366,-7.15951e-06,-2.2058607e-17,-2.3387189e-18,0.00029256597,1.6466883e-07,-0.094485324,-0.094485324,-2.4158617,-0.0035632881,-0.0050251256,-0.0035632881,-0.00076866561,-0.00076866561,0.02380244,-0.0023293918,0.0059229537,0.001311454,0.025443867,-0.00068796446,0.0061002364,0.0014887367,-0.0016414274,-0.0016414274,-0.00017728269,-0.00017728269,0.031544103,0.00080077222,-0.00181871,-0.00181871,0.031544103,0.00080077222,-0.00181871,-0.00181871,0.0064240875,0.0015201865,-0.10061685,-0.096005346,0.0064240875,0.0015201865,-0.10061685,-0.096005346,0.00029256597,1.6466883e-07,-0.094485324,-0.094485324,0.031836669,0.00080093689,0.030226527,-0.00080920528,0.0061315215,0.0015200219,-3.7399902e-06,-3.876819e-09,-0.00051244374,-0.00051244374,-0.00069289402,-0.00050378637,0.00017671029,-8.6612435e-06,-7.7693068e-05,-2.1913621e-07,-0.096022655,-0.096022655,4.2154436,4.2298607,-6.0501709,-6.0501709,4.6868778,4.6529875,-3.0224097,-3.0224097,0.041169376,0.010133644,-0.13536213,-0.1046188,0.0063673339,0.00016018738,-0.019260807,-0.019260807,3.7827347,3.7827347,-3.3308845,-3.4244701,0.0038138807,0.0038138807,1.5528387e-20,-1.5070326e-16,0,-3.0180188e-19,0,3.8114863e-16,0,-5.0155852e-18,0,9.0977179e-16,9.9305513e-06,5.1424848e-09,2.0221368e-05,2.0221368e-05
0.13154629,0.10183832,-0.02918634,0.00052163107,0.10235995,0.10235995,0.095458714,0.095458714,-0.036087575,-0.0063796042,0.0016804954,-0.001922999,0.0060507389,0.0016377236,0.0016876536,-0.0019229953,0.0060647766,0.0016517613,-0.0045976706,-6.9948412e-06,-1.4868934e-17,-2.2815022e-18,0.00028802964,1.6088127e-07,-0.094985982,-0.094985982,-2.2700324,-0.0034813325,-0.0050251256,-0.0034813325,-0.0007509863,-0.0007509863,0.023457468,-0.0015496183,0.0049681091,0.00055509377,0.024563563,-0.00044352316,0.0053699318,0.00095691649,-0.0011060952,-0.0011060952,-0.00040182272,-0.00040182272,0.029933495,0.00051339334,-0.0015079179,-0.0015079179,0.029933495,0.00051339334,-0.0015079179,-0.0015079179,0.0057288713,0.0010279873,-0.10042682,-0.096013808,0.0057288713,0.0010279873,-0.10042682,-0.096013808,0.00028802964,1.6088127e-07,-0.094985982,-0.094985982,0.030221525,0.00051355422,0.02918634,-0.00052163107,0.0054408417,0.0010278264,-4.5363226e-06,-3.7875615e-09,-0.00050065753,-0.00050065753,-0.00069521619,-0.00049219926,0.00019002234,-8.4620581e-06,-0.00016106629,-2.1408728e-07,-0.096487954,-0.096487954,4.041624,4.1064056,-6.0780708,-6.0780708,4.5492135,4.5171836,-3.0354961,-3.0354961,0.036560307,0.0068523368,-0.13125826,-0.10183816,0.006044305,0.00010271084,-0.01929878,-0.01929878,3.8027786,3.8027786,-3.360692,-3.4513036,0.0037261614,0.0037261614,1.3975548e-20,-1.5068394e-16,0,-3.0337085e-19,0,3.8173761e-16,0,-4.9885702e-18,0,9.0963593e-16,9.8424506e-06,5.0910678e-09,1.9301883e-05,1.9301883e-05
0.12741506,0.099121624,-0.028052765,0.00024067103,0.099362295,0.099362295,0.096205946,0.096205946,-0.031209114,-0.0029156784,0.0024736387,-0.00095696452,0.004880196,0.00067856604,0.0024807364,-0.00095696086,0.0048935955,0.00069196546,-0.004309641,-6.8339599e-06,-1.6110558e-17,-2.2255514e-18,0.00028272645,1.571809e-07,-0.095475124,-0.095475124,-2.1265479,-0.0034012619,-0.0050251256,-0.0034012619,-0.00073371361,-0.00073371361,0.023021457,-0.00078777963,0.0040177598,-0.00018387016,0.023604533,-0.00020470398,0.0046389582,0.00043732818,-0.00058307564,-0.00058307564,-0.00062119834,-0.00062119834,0.028243491,0.0002326242,-0.001204274,-0.001204274,0.028243491,0.00023262419,-0.001204274,-0.001204274,0.0050313079,0.00054710859,-0.10022371,-0.096022076,0.0050313079,0.00054710859,-0.10022371,-0.096022076,0.00028272645,1.5718089e-07,-0.095475124,-0.095475124,0.028526217,0.00023278138,0.028052765,-0.00024067103,0.0047485814,0.00054695141,-5.3031883e-06,-3.7003738e-09,-0.00048914241,-0.00048914241,-0.00069756346,-0.00048087867,0.00020311786,-8.2674353e-06,-0.00024228918,-2.0915607e-07,-0.096942551,-0.096942551,3.8719069,3.9857899,-6.1053289,-6.1053289,4.4146813,4.3845032,-3.0482816,-3.0482816,0.031939936,0.0036464999,-0.12713233,-0.099121467,0.0057052435,4.6556275e-05,-0.01933588,-0.01933588,3.8223615,3.8223615,-3.3903764,-3.477651,0.0036404597,0.0036404597,1.2577993e-20,-1.5066425e-16,0,-3.0490303e-19,0,3.8229404e-16,0,-4.9621333e-18,0,9.094991e-16,9.7593395e-06,5.0401646e-09,1.8424207e-05,1.8424207e-05
0.12326095,0.096467414,-0.026827361,-3.3826872e-05,0.096433587,0.096433587,0.096935991,0.096935991,-0.026324957,0.0004685772,0.0032341727,-1.314884e-05,0.0037190047,-0.00025854525,0.0032412139,-1.3145211e-05,0.0037317949,-0.00024575511,-0.0040269145,-6.676779e-06,-1.4727215e-17,-2.1708425e-18,0.00027668819,1.5356569e-07,-0.095953016,-0.095953016,-1.9857885,-0.0033230329,-0.0050251256,-0.0033230329,-0.0007168382,-0.0007168382,0.022495987,-4.3463251e-05,0.0030717121,-0.00090583793,0.022568072,2.8622311e-05,0.0039072404,-7.0309615e-05,-7.2085561e-05,-7.2085561e-05,-0.00083552831,-0.00083552831,0.026475313,-4.1687305e-05,-0.00090761387,-0.00090761387,0.026475313,-4.1687306e-05,-0.00090761387,-0.00090761387,0.0043313747,7.7290123e-05,-0.1000077,-0.096030153,0.0043313747,7.7290123e-05,-0.1000077,-0.096030153,0.00027668819,1.5356569e-07,-0.095953016,-0.095953016,0.026752001,-4.1533739e-05,0.026827361,3.3826872e-05,0.0040546865,7.7136557e-05,-6.0382636e-06,-3.615209e-09,-0.00047789213,-0.00047789213,-0.00069993313,-0.00046981847,0.00021600274,-8.0772768e-06,-0.00032109991,-2.0433997e-07,-0.097386693,-0.097386693,3.7063859,3.8679483,-6.1319602,-6.1319602,4.2832157,4.2548744,-3.0607729,-3.0607729,0.027307932,0.00051439728,-0.12298426,-0.09646726,0.0053504001,-8.3067478e-06,-0.019372126,-0.019372126,3.8414939,3.8414939,-3.4199479,-3.5035186,0.0035567291,0.0035567291,1.1320194e-20,-1.5064428e-16,0,-3.063993e-19,0,3.8281959e-16,0,-4.9362653e-18,0,9.0936171e-16,9.681599e-06,4.98977e-09,1.758644e-05,1.758644e-05
0.11908389,0.09387425,-0.025511649,-0.00030201123,0.093572239,0.093572239,0.097649245,0.097649245,-0.021434643,0.003774995,0.0039627723,0.00090895907,0.0025668591,-0.0011741167,0.003969761,0.00090896267,0.0025790677,-0.0011619081,-0.0037502264,-6.5232133e-06,-1.1111269e-17,-2.1173515e-18,0.00026994894,1.5003367e-07,-0.096419917,-0.096419917,-1.8481183,-0.0032466033,-0.0050251256,-0.0032466033,-0.00070035092,-0.00070035092,0.021882597,0.00068373377,0.0021297753,-0.0016112005,0.021455445,0.00025658202,0.003174704,-0.00056627175,0.00042715175,0.00042715175,-0.0010449287,-0.0010449287,0.024630149,-0.00030968974,-0.00061777695,-0.00061777695,0.024630149,-0.00030968974,-0.00061777695,-0.00061777695,0.0036290522,-0.00038172254,-0.09977902,-0.096038044,0.0036290522,-0.00038172254,-0.09977902,-0.096038044,0.00026994894,1.5003367e-07,-0.096419917,-0.096419917,0.024900098,-0.0003095397,0.025511649,0.00030201123,0.0033591032,-0.00038187257,-6.7392482e-06,-3.5320196e-09,-0.00046690061,-0.00046690061,-0.00070232257,-0.00045901266,0.00022868271,-7.8914851e-06,-0.00039723663,-1.9963623e-07,-0.097820619,-0.097820619,3.5451554,3.7528172,-6.1579789,-6.1579789,4.1547527,4.1282271,-3.072977,-3.072977,0.02266397,-0.0025456671,-0.11881394,-0.0938741,0.0049800196,-6.1907941e-05,-0.019407539,-0.019407539,3.8601864,3.8601864,-3.4494165,-3.5289124,0.0034749244,0.0034749244,1.0188174e-20,-1.506241e-16,0,-3.0786053e-19,0,3.833159e-16,0,-4.9109572e-18,0,9.0922417e-16,9.6095128e-06,4.9398791e-09,1.6786767e-05,1.6786767e-05
0.11488381,0.091340729,-0.024107109,-0.00056402723,0.090776701,0.090776701,0.098346094,0.098346094,-0.016537716,0.0070053653,0.0046600962,0.0018098585,0.0014234594,-0.0020686431,0.0046670368,0.001809862,0.0014351128,-0.0020569896,-0.0034802774,-6.3731797e-06,-9.9652484e-18,-2.0650543e-18,0.00026254508,1.4658292e-07,-0.096876079,-0.096876079,-1.7138842,-0.0031719315,-0.0050251256,-0.0031719315,-0.00068424285,-0.00068424285,0.021182786,0.0013942052,0.0011917628,-0.0023003397,0.020267879,0.00047929855,0.0024412757,-0.0010508268,0.0009149066,0.0009149066,-0.0012495129,-0.0012495129,0.022709155,-0.00057152823,-0.00033460627,-0.00033460627,0.022709155,-0.00057152823,-0.00033460627,-0.00033460627,0.002924323,-0.00083017792,-0.099537857,-0.096045754,0.002924323,-0.00083017792,-0.099537857,-0.096045754,0.00026254508,1.4658291e-07,-0.096876079,-0.096876079,0.0229717,-0.00057138164,0.024107109,0.00056402723,0.0026617779,-0.00083032451,-7.4038636e-06,-3.4507576e-09,-0.0004561619,-0.0004561619,-0.00070472915,-0.00044845539,0.00024116339,-7.7099637e-06,-0.00047043741,-1.9504206e-07,-0.098244565,-0.098244565,3.3883116,3.640334,-6.1833992,-6.1833992,4.0292296,4.0044926,-3.0849004,-3.0849004,0.018007731,-0.0055353501,-0.11462127,-0.091340582,0.00459434,-0.00011427633,-0.019442137,-0.019442137,3.8784489,3.8784489,-3.478792,-3.5538387,0.0033950011,0.0033950011,9.169357e-21,-1.5060379e-16,0,-3.0928754e-19,0,3.8378448e-16,0,-4.8861996e-18,0,9.0908679e-16,9.5432656e-06,4.8904868e-09,1.6023456e-05,1.6023456e-05
0.11066065,0.088865478,-0.022615186,-0.00082001675,0.088045462,0.088045462,0.099026916,0.099026916,-0.011633732,0.010161437,0.0053267873,0.0026900372,0.00028851171,-0.0029426078,0.005333684,0.0026900407,0.00029963524,-0.0029314843,-0.0032177323,-6.2265968e-06,-1.2825993e-17,-2.0139271e-18,0.00025451523,1.4321154e-07,-0.097321749,-0.097321749,-1.5834146,-0.0030989772,-0.0050251256,-0.0030989772,-0.00066850526,-0.00066850526,0.020398013,0.0020883356,0.00025749086,-0.0029736287,0.01900657,0.00069689251,0.0017068825,-0.0015242371,0.0013914431,0.0013914431,-0.0014493916,-0.0014493916,0.020713452,-0.00082734455,-5.7948518e-05,-5.7948518e-05,0.020713452,-0.00082734455,-5.7948518e-05,-5.7948518e-05,0.0022171727,-0.0012683189,-0.099284406,-0.096053287,0.0022171727,-0.0012683189,-0.099284406,-0.096053287,0.00025451523,1.4321154e-07,-0.097321749,-0.097321749,0.020967968,-0.00082720134,0.022615186,0.00082001675,0.0019626575,-0.0012684621,-8.029853e-06,-3.3713761e-09,-0.00044567018,-0.00044567018,-0.00070715031,-0.00043814093,0.00025345028,-7.5326172e-06,-0.00054044022,-1.9055466e-07,-0.09865876,-0.09865876,3.2359518,3.5304379,-6.2082348,-6.2082348,3.9065855,3.8836041,-3.0965496,-3.0965496,0.013338898,-0.0084562706,-0.11040613,-0.088865335,0.0041935935,-0.00016544027,-0.01947594,-0.01947594,3.8962914,3.8962914,-3.5080845,-3.5783037,0.0033169161,0.0033169161,8.2524213e-21,-1.5058341e-16,0,-3.1068116e-19,0,3.8422679e-16,0,-4.861983e-18,0,9.0894989e-16,9.4829415e-06,4.8415881e-09,1.5294853e-05,1.5294853e-05
0.10641433,0.086447159,-0.021037288,-0.0010701184,0.08537704,0.08537704,0.099692078,0.099692078,-0.0067222503,0.013244919,0.005963473,0.0035499718,-0.0008382719,-0.0037964833,0.0059703301,0.0035499753,-0.00082765417,-0.0037858656,-0.0029632171,-6.0833852e-06,-9.1949757e-18,-1.9639463e-18,0.00024590025,1.3991772e-07,-0.097757169,-0.097757169,-1.4570185,-0.0030277008,-0.0050251256,-0.0030277008,-0.00065312964,-0.00065312964,0.019529699,0.002766501,-0.00067322064,-0.0036314321,0.01767268,0.00090948171,0.0009714525,-0.0019867589,0.0018570192,0.0018570192,-0.0016446731,-0.0016446731,0.018644132,-0.0010772772,0.0002123461,0.0002123461,0.018644132,-0.0010772772,0.0002123461,0.00021234611,0.0015075892,-0.0016963826,-0.099018858,-0.096060646,0.0015075892,-0.0016963826,-0.099018858,-0.096060646,0.00024590025,1.3991771e-07,-0.097757169,-0.097757169,0.018890032,-0.0010771373,0.021037288,0.0010701184,0.0012616889,-0.0016965225,-8.6149802e-06,-3.2938287e-09,-0.00043541976,-0.00043541976,-0.00070958351,-0.0004280637,0.00026554877,-7.3593513e-06,-0.00060698279,-1.861713e-07,-0.099063428,-0.099063428,3.0881746,3.4230695,-6.2324992,-6.2324992,3.7867603,3.765496,-3.1079308,-3.1079308,0.0086571598,-0.01131001,-0.10616843,-0.086447019,0.0037780065,-0.00021542746,-0.019508965,-0.019508965,3.9137235,3.9137235,-3.5373037,-3.6023137,0.003240627,0.003240627,7.4271792e-21,-1.5056302e-16,0,-3.1204219e-19,0,3.8464421e-16,0,-4.8382977e-18,0,9.0881371e-16,9.4285238e-06,4.7931782e-09,1.4599381e-05,1.4599381e-05
0.10214478,0.08408446,-0.019374789,-0.0013144676,0.082769993,0.082769993,0.10034194,0.10034194,-0.0018028397,0.016257482,0.0065707655,0.0043901279,-0.0019571738,-0.0046307311,0.0065775873,0.0043901313,-0.0019470389,-0.0046205961,-0.0027173169,-5.9434675e-06,-2.8857884e-18,-1.9150886e-18,0.00023674322,1.3669965e-07,-0.098182574,-0.098182574,-1.3349841,-0.0029580638,-0.0050251256,-0.0029580638,-0.00063810766,-0.00063810766,0.018579226,0.0034290684,-0.0016005487,-0.004274106,0.016267339,0.0011171813,0.00023491447,-0.0024386428,0.0023118871,0.0023118871,-0.0018354632,-0.0018354632,0.016502253,-0.0013214615,0.00047642395,0.00047642395,0.016502253,-0.0013214615,0.00047642395,0.00047642395,0.00079556295,-0.0021146008,-0.098741394,-0.096067836,0.00079556295,-0.0021146008,-0.098741394,-0.096067836,0.00023674322,1.3669964e-07,-0.098182574,-0.098182574,0.016738997,-0.0013213248,0.019374789,0.0013144676,0.00055881974,-0.0021147375,-9.1570288e-06,-3.2180708e-09,-0.00042540511,-0.00042540511,-0.00071202623,-0.00041821825,0.0002774641,-7.1900729e-06,-0.00066980263,-1.8188933e-07,-0.099458789,-0.099458789,2.9450801,3.3181705,-6.2562055,-6.2562055,3.6696955,3.6501044,-3.1190502,-3.1190502,0.0039622081,-0.014098113,-0.10190804,-0.084084324,0.0033477993,-0.00026426496,-0.01954123,-0.01954123,3.9307546,3.9307546,-3.5664594,-3.6258749,0.0031660926,0.0031660926,6.6844612e-21,-1.5054266e-16,0,-3.133714e-19,0,3.8503804e-16,0,-4.8151342e-18,0,9.0867848e-16,9.3798955e-06,4.745252e-09,1.3935533e-05,1.3935533e-05
0.097851934,0.081776104,-0.017629027,-0.0015531968,0.080222907,0.080222907,0.10097686,0.10097686,0.0031249252,0.019200755,0.0071492625,0.0052109604,-0.0030684708,-0.005445802,0.0071560529,0.0052109638,-0.0030587967,-0.0054361279,-0.0024805736,-5.8067679e-06,-6.4785891e-18,-1.8673306e-18,0.00022708942,1.3355559e-07,-0.098598195,-0.098598195,-1.2175779,-0.0028900284,-0.0050251256,-0.0028900284,-0.00062343118,-0.00062343118,0.01754794,0.0040763968,-0.0025246673,-0.0049019984,0.014791647,0.0013201037,-0.0005028022,-0.0028801333,0.0027562931,0.0027562931,-0.0020218651,-0.0020218651,0.014288845,-0.0015600296,0.00073442801,0.00073442801,0.014288845,-0.0015600296,0.00073442801,0.00073442801,8.108694e-05,-0.0025232001,-0.098452192,-0.096074861,8.108694e-05,-0.0025232001,-0.098452192,-0.096074861,0.00022708942,1.3355559e-07,-0.098598195,-0.098598195,0.014515934,-0.001559896,0.017629027,0.0015531968,-0.00014600248,-0.0025233336,-9.6538016e-06,-3.144059e-09,-0.00041562079,-0.00041562079,-0.00071447601,-0.00040859924,0.00028920142,-7.0246909e-06,-0.00072863694,-1.7770622e-07,-0.099845057,-0.099845057,2.8067694,3.2156842,-6.2793666,-6.2793666,3.5553336,3.5373668,-3.1299139,-3.1299139,-0.00074626042,-0.01682209,-0.097624845,-0.081775971,0.0029031868,-0.00031197921,-0.019572753,-0.019572753,3.9473941,3.9473941,-3.5955614,-3.6489936,0.0030932725,0.0030932725,6.0160151e-21,-1.5052237e-16,0,-3.1466955e-19,0,3.8540954e-16,0,-4.7924826e-18,0,9.0854439e-16,9.3368417e-06,4.6978049e-09,1.330187e-05,1.330187e-05
0.093535711,0.07952084,-0.015801306,-0.0017864351,0.077734405,0.077734405,0.10159717,0.10159717,0.0080614628,0.022076334,0.0076995469,0.0060129137,-0.0041724343,-0.0062421366,0.0077063098,0.0060129171,-0.0041632002,-0.0062329024,-0.0022534842,-5.6732123e-06,-9.8397985e-18,-1.8206496e-18,0.0002169863,1.3048384e-07,-0.099004256,-0.099004256,-1.1050435,-0.0028235578,-0.0050251256,-0.0028235578,-0.00060909227,-0.00060909227,0.016437149,0.0047088366,-0.0034457471,-0.0055154493,0.013246672,0.0015183589,-0.0012417674,-0.0033114696,0.0031904777,0.0031904777,-0.0022039797,-0.0022039797,0.012004904,-0.0017931107,0.00098649797,0.00098649797,0.012004904,-0.0017931107,0.00098649797,0.00098649797,-0.00063584347,-0.0029224015,-0.098151426,-0.096081724,-0.00063584347,-0.0029224015,-0.098151426,-0.096081724,0.0002169863,1.3048384e-07,-0.099004256,-0.099004256,0.012221891,-0.0017929802,0.015801306,0.0017864351,-0.00085282976,-0.002922532,-1.010312e-05,-3.0717513e-09,-0.00040606151,-0.00040606151,-0.00071693041,-0.00039920147,0.00030076578,-6.8631154e-06,-0.00078322254,-1.7361952e-07,-0.10022244,-0.10022244,2.6733451,3.1155551,-6.301995,-6.301995,3.4436185,3.4272221,-3.1405278,-3.1405278,-0.0054685455,-0.019483416,-0.093318724,-0.079520709,0.0024443781,-0.00035859604,-0.019603552,-0.019603552,3.9636508,3.9636508,-3.6246194,-3.671676,0.0030221272,0.0030221272,5.4144136e-21,-1.505022e-16,0,-3.1593737e-19,0,3.8575988e-16,0,-4.7703334e-18,0,9.0841163e-16,9.299052e-06,4.650832e-09,1.2697021e-05,1.2697021e-05
0.089196035,0.077317447,-0.013892897,-0.0020143089,0.075303138,0.075303138,0.10220322,0.10220322,0.013007185,0.024885773,0.0082221878,0.0067964221,-0.0052693305,-0.0070201654,0.0082289268,0.0067964255,-0.0052605162,-0.0070113511,-0.0020364979,-5.5427284e-06,-8.7791929e-18,-1.7750228e-18,0.00020648347,1.2748273e-07,-0.099400978,-0.099400978,-0.99760062,-0.0027586159,-0.0050251256,-0.0027586159,-0.00059508314,-0.00059508314,0.015248128,0.0053267302,-0.004363956,-0.0061147909,0.011633452,0.0017120542,-0.0019820502,-0.0037328851,0.003614676,0.003614676,-0.0023819057,-0.0023819057,0.0096514017,-0.002020831,0.0012327703,0.0012327703,0.0096514017,-0.002020831,0.0012327703,0.0012327703,-0.0013552305,-0.0033124214,-0.097839264,-0.096088429,-0.0013552305,-0.0033124214,-0.097839264,-0.096088429,0.00020648347,1.2748273e-07,-0.099400978,-0.099400978,0.0098578851,-0.0020207035,0.013892897,0.0020143089,-0.0015617139,-0.0033125488,-1.0502821e-05,-3.0011074e-09,-0.0003967221,-0.0003967221,-0.000719387,-0.00039001984,0.00031216209,-6.7052587e-06,-0.00083329583,-1.6962687e-07,-0.10059114,-0.10059114,2.5449108,3.017729,-6.3241029,-6.3241029,3.3344948,3.3196108,-3.1508975,-3.1508975,-0.010204943,-0.022083531,-0.088989552,-0.077317319,0.001971577,-0.0004041407,-0.019633642,-0.019633642,3.9795336,3.9795336,-3.6536432,-3.6939285,0.0029526183,0.0029526183,4.8729722e-21,-1.5048218e-16,0,-3.1717559e-19,0,3.8609017e-16,0,-4.7486768e-18,0,9.0828033e-16,9.2661249e-06,4.6043286e-09,1.2119675e-05,1.2119675e-05
0.084832831,0.075164732,-0.011905041,-0.0022369415,0.07292779,0.07292779,0.10279533,0.10279533,0.017962497,0.027630596,0.0087177402,0.0075619098,-0.0063594203,-0.007780309,0.0087244584,0.0075619132,-0.0063510068,-0.0077718955,-0.0018300145,-5.4152457e-06,-1.3271851e-17,-1.730428e-18,0.00019563271,1.2455065e-07,-0.099788576,-0.099788576,-0.89544396,-0.0026951678,-0.0050251256,-0.0026951678,-0.00058139623,-0.00058139623,0.013982115,0.0059304123,-0.0052794589,-0.0067003476,0.009952997,0.0019012944,-0.0027237194,-0.0041446081,0.0040291178,0.0040291178,-0.0025557394,-0.0025557394,0.0072292776,-0.0022433137,0.0014733784,0.0014733784,0.0072292776,-0.0022433137,0.0014733784,0.0014733784,-0.0020770739,-0.0036934707,-0.097515869,-0.09609498,-0.0020770739,-0.0036934707,-0.097515869,-0.09609498,0.00019563271,1.2455064e-07,-0.099788576,-0.099788576,0.0074249103,-0.0022431892,0.011905041,0.0022369415,-0.0022727066,-0.0036935953,-1.0850762e-05,-2.9320881e-09,-0.00038759749,-0.00038759749,-0.00072184342,-0.00038104939,0.00032339517,-6.5510347e-06,-0.00087859275,-1.6572605e-07,-0.10095137,-0.10095137,2.4215715,2.9221528,-6.3457023,-6.3457023,3.2279086,3.2144745,-3.1610287,-3.1610287,-0.014955745,-0.024623844,-0.084637198,-0.075164607,0.0014849821,-0.00044863783,-0.019663039,-0.019663039,3.9950512,3.9950512,-3.6826422,-3.7157573,0.002884708,0.002884708,4.385675e-21,-1.5046233e-16,0,-3.1838492e-19,0,3.8640147e-16,0,-4.7275032e-18,0,9.0815062e-16,9.2375726e-06,4.5582899e-09,1.1568581e-05,1.1568581e-05
0.080462137,0.073061529,-0.0098550617,-0.0024544536,0.070607075,0.070607075,0.10337382,0.10337382,0.02291168,0.030312288,0.0091887237,0.0083097913,-0.0074405425,-0.0085229783,0.0091954239,0.0083097946,-0.0074325115,-0.0085149474,-0.0016343817,-5.2906951e-06,-1.7331608e-17,-1.6868433e-18,0.00018449078,1.2168599e-07,-0.10016726,-0.10016726,-0.79874179,-0.0026331789,-0.0050251256,-0.0026331789,-0.00056802412,-0.00056802412,0.012654013,0.0065202096,-0.0061900006,-0.0072724365,0.0082199853,0.0020861822,-0.0034644256,-0.0045468615,0.0044340275,0.0044340275,-0.002725575,-0.002725575,0.0047555597,-0.0024606793,0.0017084525,0.0017084525,0.0047555597,-0.0024606793,0.0017084525,0.0017084525,-0.0027989511,-0.004065756,-0.097183817,-0.096101381,-0.0027989511,-0.004065756,-0.097183817,-0.096101381,0.00018449078,1.2168599e-07,-0.10016726,-0.10016726,0.0049400504,-0.0024605576,0.0098550617,0.0024544536,-0.0029834418,-0.0040658777,-1.1141936e-05,-2.8646555e-09,-0.00037868275,-0.00037868275,-0.00072187716,-0.00037228525,0.00033205248,-6.4003594e-06,-0.00091856093,-1.6191488e-07,-0.10130331,-0.10130331,2.3036014,2.8287749,-6.366805,-6.366805,3.1238067,3.1117564,-3.1709269,-3.1709269,-0.019705121,-0.02710573,-0.080277646,-0.073061407,0.00098801009,-0.00049211153,-0.019691761,-0.019691761,4.0102118,4.0102118,-3.7115709,-3.7371685,0.0028183598,0.0028183598,3.9471075e-21,-1.5044268e-16,0,-3.1956603e-19,0,3.866948e-16,0,-4.706803e-18,0,9.080226e-16,9.2127926e-06,4.5127115e-09,1.1042546e-05,1.1042546e-05
0.076051718,0.0710067,-0.0077119814,-0.002666963,0.068339737,0.068339737,0.103939,0.103939,0.027887283,0.032932301,0.0096317209,0.0090404715,-0.0085177708,-0.0092485748,0.0096384054,0.0090404748,-0.008510105,-0.0092409091,-0.001449891,-5.1690091e-06,-2.2231318e-17,-1.6442468e-18,0.0001731104,1.1888722e-07,-0.10053723,-0.10053723,-0.70763444,-0.0025726158,-0.0050251256,-0.0025726158,-0.00055495956,-0.00055495956,0.011237665,0.0070964417,-0.0071005633,-0.0078313673,0.0064080403,0.0022668175,-0.004209059,-0.004939863,0.0048296242,0.0048296242,-0.0028915043,-0.0028915043,0.0021989813,-0.0026730456,0.0019381199,0.0019381199,0.0021989813,-0.0026730456,0.0019381199,0.0019381199,-0.0035256831,-0.0044294787,-0.096838438,-0.096107634,-0.0035256831,-0.0044294787,-0.096838438,-0.096107634,0.0001731104,1.1888722e-07,-0.10053723,-0.10053723,0.0023720917,-0.0026729267,0.0077119814,0.002666963,-0.0036987935,-0.0044295976,-1.1380379e-05,-2.7987728e-09,-0.00036997304,-0.00036997304,-0.00072673208,-0.00036372269,0.00034537866,-6.2531508e-06,-0.00095354715,-1.5819127e-07,-0.10164715,-0.10164715,2.1907504,2.7375448,-6.3874223,-6.3874223,3.0221366,3.0114008,-3.1805974,-3.1805974,-0.024485513,-0.029530532,-0.075878608,-0.071006581,0.00047441835,-0.00053458533,-0.019719822,-0.019719822,4.0250237,4.0250237,-3.7405486,-3.7581686,0.0027535375,0.0027535375,3.5523968e-21,-1.5042326e-16,0,-3.2071959e-19,0,3.869711e-16,0,-4.6865667e-18,0,9.0789637e-16,9.1911845e-06,4.4675887e-09,1.054043e-05,1.054043e-05
0.071617531,0.068999132,-0.0054929838,-0.0028745846,0.066124547,0.066124547,0.10449119,0.10449119,0.032873655,0.035492054,0.010049215,0.0097543461,-0.009588946,-0.0099574908,0.010055886,0.0097543493,-0.0095816288,-0.0099501736,-0.0012767806,-5.0501218e-06,-2.5491067e-17,-1.6026174e-18,0.00016154967,1.1615282e-07,-0.1008987,-0.1008987,-0.62223532,-0.0025134456,-0.0050251256,-0.0025134456,-0.00054219549,-0.00054219549,0.0097478412,0.0076594204,-0.0080088979,-0.0083774427,0.004531719,0.0024432982,-0.0049552807,-0.0053238255,0.0052161222,0.0052161222,-0.0030536172,-0.0030536172,-0.00042356168,-0.0028805274,0.002162505,0.002162505,-0.00042356168,-0.0028805274,0.002162505,0.002162505,-0.0042548574,-0.0047848358,-0.096482288,-0.096113743,-0.0042548574,-0.0047848358,-0.096482288,-0.096113743,0.00016154967,1.1615282e-07,-0.1008987,-0.1008987,-0.00026201201,-0.0028804112,0.0054929838,0.0028745846,-0.0044164071,-0.0047849519,-1.1560726e-05,-2.7344045e-09,-0.00036146366,-0.00036146366,-0.00072917424,-0.00035535707,0.00035614986,-6.1093287e-06,-0.00098296218,-1.545532e-07,-0.10198309,-0.10198309,2.0833158,2.6484129,-6.4075654,-6.4075654,2.9228472,2.9133534,-3.1900455,-3.1900455,-0.029281164,-0.031899563,-0.071455981,-0.068999016,-5.2402402e-05,-0.00057608224,-0.019747238,-0.019747238,4.039495,4.039495,-3.7695305,-3.7787636,0.0026902061,0.0026902061,3.1971571e-21,-1.5040407e-16,0,-3.2184626e-19,0,3.8723128e-16,0,-4.6667847e-18,0,9.07772e-16,9.1720453e-06,4.4229169e-09,1.0061146e-05,1.0061146e-05
0.067159493,0.067037738,-0.0031991858,-0.0030774309,0.063960307,0.063960307,0.10503067,0.10503067,0.037871178,0.037992932,0.01044171,0.010451802,-0.01065431,-0.01065011,0.010448368,0.010451805,-0.010647325,-0.010643125,-0.0011152309,-4.933969e-06,-2.237125e-17,-1.561934e-18,0.00014986878,1.134813e-07,-0.10125185,-0.10125185,-0.54262857,-0.0024556364,-0.0050251256,-0.0024556364,-0.000529725,-0.000529725,0.0081856502,0.0082094505,-0.0089151585,-0.0089109584,0.0025919195,0.0026157198,-0.005703157,-0.0056989569,0.0055937307,0.0055937307,-0.0032120015,-0.0032120015,-0.0031112375,-0.0030832371,0.0023817292,0.0023817292,-0.0031112375,-0.0030832371,0.0023817292,0.0023817292,-0.0049864644,-0.0051320196,-0.096115512,-0.096119712,-0.0049864644,-0.0051320196,-0.096115512,-0.096119712,0.00014986878,1.134813e-07,-0.10125185,-0.10125185,-0.0029613687,-0.0030831236,0.0031991858,0.0030774309,-0.0051363331,-0.0051321331,-1.1680892e-05,-2.6715156e-09,-0.00035315,-0.00035315,-0.00073160698,-0.00034718386,0.00036677609,-5.968815e-06,-0.0010065395,-1.5099872e-07,-0.1023113,-0.1023113,1.9814074,2.561331,-6.4272452,-6.4272452,2.8258879,2.817561,-3.1992763,-3.1992763,-0.034092352,-0.034214107,-0.067009624,-0.067037625,-0.00059227373,-0.00061662472,-0.019774023,-0.019774023,4.0536334,4.0536334,-3.7985263,-3.7989597,0.0026283314,0.0026283314,2.8774414e-21,-1.5038513e-16,0,-3.2294668e-19,0,3.8747621e-16,0,-4.6474479e-18,0,9.0764955e-16,9.1546182e-06,4.3786916e-09,9.603656e-06,9.603656e-06
0.06267752,0.065121456,-0.0008316756,-0.0032756118,0.061845844,0.061845844,0.10555775,0.10555775,0.042880227,0.040436291,0.010809696,0.011133216,-0.011714099,-0.011326806,0.010816342,0.011133219,-0.011707432,-0.011320139,-0.00096536212,-4.8204877e-06,-2.0830146e-17,-1.522176e-18,0.00013812997,1.1087123e-07,-0.10159687,-0.10159687,-0.46886806,-0.0023991567,-0.0050251256,-0.0023991567,-0.00051754132,-0.00051754132,0.006552168,0.00874683,-0.0098194966,-0.0094322033,0.00058951378,0.0027841758,-0.0064527535,-0.0060654602,0.0059626542,0.0059626542,-0.003366743,-0.003366743,-0.0058632397,-0.0032812845,0.0025959112,0.0025959112,-0.0058632397,-0.0032812845,0.0025959112,0.0025959112,-0.0057204924,-0.0054712182,-0.09573825,-0.096125544,-0.0057204924,-0.0054712182,-0.09573825,-0.096125544,0.00013812997,1.1087123e-07,-0.10159687,-0.10159687,-0.0057251098,-0.0032811736,0.0008316756,0.0032756118,-0.0058586224,-0.0054713291,-1.1738807e-05,-2.6100723e-09,-0.00034502755,-0.00034502755,-0.00073402806,-0.00033919863,0.0003772617,-5.8315332e-06,-0.0010240119,-1.475259e-07,-0.10263196,-0.10263196,1.8851358,2.476252,-6.4464723,-6.4464723,2.7312089,2.7239719,-3.2082948,-3.2082948,-0.038919353,-0.036475417,-0.06253939,-0.065121345,-0.001145022,-0.00065623472,-0.019800192,-0.019800192,4.0674466,4.0674466,-3.8275455,-3.8187632,0.0025678798,0.0025678798,2.5896972e-21,-1.5036646e-16,0,-3.2402147e-19,0,3.8770668e-16,0,-4.6285468e-18,0,9.0752908e-16,9.1381038e-06,4.3349084e-09,9.1669681e-06,9.1669681e-06
0.058171527,0.063249249,0.0016084871,-0.0034692345,0.059780014,0.059780014,0.1060727,0.1060727,0.047901173,0.042823452,0.011153652,0.011798957,-0.012768546,-0.011987945,0.011160286,0.01179896,-0.012762183,-0.011981581,-0.00082723215,-4.7096165e-06,-2.4176448e-17,-1.4833233e-18,0.00012639756,1.0832119e-07,-0.10193396,-0.10193396,-0.40097632,-0.0023439761,-0.0050251256,-0.0023439761,-0.00050563787,-0.00050563787,0.0048484406,0.0092718498,-0.010722061,-0.0099414595,-0.0014746519,0.0029487573,-0.0072041356,-0.006423534,0.0063230925,0.0063230925,-0.0035179255,-0.0035179255,-0.0086787876,-0.0034747767,0.002805167,0.002805167,-0.0086787876,-0.0034747767,0.002805167,0.002805167,-0.0064569277,-0.0058026153,-0.095350639,-0.096131241,-0.0064569277,-0.0058026153,-0.095350639,-0.096131241,0.00012639756,1.0832119e-07,-0.10193396,-0.10193396,-0.00855239,-0.0034746684,-0.0016084871,0.0034692345,-0.0065833252,-0.0058027236,-1.1732412e-05,-2.5500415e-09,-0.00033709192,-0.00033709192,-0.00073643525,-0.00033139706,0.00038761092,-5.697409e-06,-0.0010351113,-1.441329e-07,-0.10294524,-0.10294524,1.7946131,2.3931298,-6.4652573,-6.4652573,2.6387613,2.6325354,-3.2171059,-3.2171059,-0.043762437,-0.038684716,-0.05804513,-0.063249141,-0.001710478,-0.00069493368,-0.01982576,-0.01982576,4.0809421,4.0809421,-3.8565979,-3.8381801,0.0025088185,0.0025088185,2.3307275e-21,-1.5034807e-16,0,-3.2507122e-19,0,3.8792349e-16,0,-4.6100724e-18,0,9.0741061e-16,9.121673e-06,4.2915628e-09,8.7501369e-06,8.7501369e-06
0.053641429,0.061420102,0.0041202699,-0.0036584039,0.057761698,0.057761698,0.10657581,0.10657581,0.052934382,0.045155708,0.011474044,0.012449386,-0.01381788,-0.012633884,0.011480666,0.01244939,-0.013811806,-0.01262781,-0.00070083459,-4.6012953e-06,-1.8389678e-17,-1.4453557e-18,0.0001147379,1.058298e-07,-0.1022633,-0.1022633,-0.3389435,-0.0022900647,-0.0050251256,-0.0022900647,-0.0004940082,-0.0004940082,0.0030754841,0.0097847941,-0.011622999,-0.010439003,-0.0035997566,0.0031095534,-0.0079573679,-0.0067733721,0.0066752408,0.0066752408,-0.0036656307,-0.0036656307,-0.011557125,-0.0036638187,0.00300961,0.00300961,-0.011557125,-0.0036638187,0.00300961,0.00300961,-0.007195754,-0.0061263902,-0.094952812,-0.096136807,-0.007195754,-0.0061263902,-0.094952812,-0.096136807,0.0001147379,1.058298e-07,-0.1022633,-0.1022633,-0.011442387,-0.0036637129,-0.0041202699,0.0036584039,-0.0073104919,-0.006126496,-1.1659663e-05,-2.4913909e-09,-0.0003293388,-0.0003293388,-0.00073882635,-0.00032377492,0.00039782789,-5.5663695e-06,-0.0010395688,-1.4081788e-07,-0.10325132,-0.10325132,1.7099522,2.3119195,-6.4836102,-6.4836102,2.5484966,2.5432018,-3.2257143,-3.2257143,-0.048621875,-0.040843201,-0.053526691,-0.061419996,-0.0022884773,-0.00073274257,-0.019850739,-0.019850739,4.0941273,4.0941273,-3.8856931,-3.8572166,0.0024511157,0.0024511157,2.0976548e-21,-1.5032997e-16,0,-3.2609654e-19,0,3.8812736e-16,0,-4.5920158e-18,0,9.0729419e-16,9.1044798e-06,4.2486506e-09,8.3522595e-06,8.3522595e-06
0.049087136,0.059633026,0.0067026676,-0.0038432224,0.055789804,0.055789804,0.10706735,0.10706735,0.057980212,0.047434322,0.011771328,0.013084856,-0.014862325,-0.013264974,0.011777936,0.013084859,-0.014856527,-0.013259176,-0.00058609669,-4.4954655e-06,-1.7268953e-17,-1.408254e-18,0.00010321937,1.0339571e-07,-0.10258507,-0.10258507,-0.28272641,-0.0022373932,-0.0050251256,-0.0022373932,-0.00048264601,-0.00048264601,0.0012342857,0.010285941,-0.012522454,-0.010925103,-0.0057850039,0.0032666512,-0.0087125147,-0.0071151638,0.0070192896,0.0070192896,-0.0038099388,-0.0038099388,-0.014497519,-0.0038485127,0.0032093508,0.0032093508,-0.014497519,-0.0038485127,0.0032093508,0.0032093508,-0.0079369532,-0.0064427183,-0.094544895,-0.096142246,-0.0079369532,-0.0064427183,-0.094544895,-0.096142246,0.00010321937,1.0339571e-07,-0.10258507,-0.10258507,-0.014394299,-0.0038484093,-0.0067026676,0.0038432224,-0.0080401726,-0.0064428217,-1.1518525e-05,-2.4340889e-09,-0.00032176401,-0.00032176401,-0.0007411992,-0.0003163281,0.00040791667,-5.4383438e-06,-0.0010371146,-1.3757907e-07,-0.10355036,-0.10355036,1.6312671,2.2325769,-6.5015409,-6.5015409,2.4603671,2.455923,-3.2341248,-3.2341248,-0.053497931,-0.042952041,-0.048983917,-0.059632923,-0.0028788599,-0.00076968186,-0.019875143,-0.019875143,4.1070091,4.1070091,-3.9148408,-3.8758788,0.00239474,0.00239474,1.8878893e-21,-1.5031216e-16,0,-3.2709799e-19,0,3.8831898e-16,0,-4.5743679e-18,0,9.0717982e-16,9.0856773e-06,4.2061673e-09,7.9724739e-06,7.9724739e-06
0.044508562,0.057887053,0.009354701,-0.0040237901,0.053863263,0.053863263,0.10754758,0.10754758,0.06303902,0.049660528,0.012045947,0.01370571,-0.0159021,-0.013881555,0.012052539,0.013705713,-0.015896566,-0.01387602,-0.00048287732,-4.3920698e-06,-1.5238826e-17,-1.3719988e-18,9.1912399e-05,1.0101761e-07,-0.10289943,-0.10289943,-0.23224742,-0.0021859331,-0.0050251256,-0.0021859331,-0.00047154515,-0.00047154515,-0.00067419616,0.010775561,-0.013420568,-0.011400022,-0.0080296214,0.0034201357,-0.0094696398,-0.0074490944,0.0073554252,0.0073554252,-0.0039509277,-0.0039509277,-0.017499261,-0.0040289587,0.0034044975,0.0034044975,-0.017499261,-0.0040289587,0.0034044975,0.0034044975,-0.0086805049,-0.0067517709,-0.094127014,-0.096147559,-0.0086805049,-0.0067517709,-0.094127014,-0.096147559,9.1912399e-05,1.0101761e-07,-0.10289943,-0.10289943,-0.017407349,-0.0040288577,-0.009354701,0.0040237901,-0.0087724173,-0.0067518719,-1.1306974e-05,-2.3781047e-09,-0.00031436344,-0.00031436344,-0.00074355163,-0.00030905255,0.00041788122,-5.3132625e-06,-0.001027478,-1.3441474e-07,-0.10384252,-0.10384252,1.5586731,2.1550593,-6.5190593,-6.5190593,2.3743257,2.3706515,-3.2423418,-3.2423418,-0.058390869,-0.045012378,-0.044416649,-0.057886952,-0.0034814698,-0.00080577154,-0.019898987,-0.019898987,4.1195947,4.1195947,-3.9440507,-3.8941726,0.002339661,0.002339661,1.6991004e-21,-1.5029465e-16,0,-3.2807615e-19,0,3.8849902e-16,0,-4.55712e-18,0,9.0706753e-16,9.0644336e-06,4.1641087e-09,7.6099575e-06,7.6099575e-06
0.039905615,0.056181237,0.012075417,-0.0042002047,0.051981032,0.051981032,0.10801677,0.10801677,0.068111154,0.051835532,0.012298334,0.014312284,-0.016937422,-0.01448396,0.012304909,0.014312287,-0.016932139,-0.014478677,-0.00039096492,-4.2910522e-06,-1.1655186e-17,-1.3365714e-18,8.0889401e-05,9.8694202e-08,-0.10320656,-0.10320656,-0.18739352,-0.0021356567,-0.0050251256,-0.0021356567,-0.00046069962,-0.00046069962,-0.0026490307,0.01125392,-0.01431748,-0.011864019,-0.010332861,0.0035700901,-0.010228806,-0.0077753446,0.0076838298,0.0076838298,-0.0040886739,-0.0040886739,-0.020561667,-0.0042052545,0.0035951559,0.0035951559,-0.020561667,-0.0042052545,0.0035951559,0.0035951559,-0.0094263864,-0.0070537152,-0.093699288,-0.09615275,-0.0094263864,-0.0070537152,-0.093699288,-0.09615275,8.0889401e-05,9.8694203e-08,-0.10320656,-0.10320656,-0.020480778,-0.0042051558,-0.012075417,0.0042002047,-0.0095072758,-0.0070538139,-1.1022997e-05,-2.323408e-09,-0.00030713308,-0.00030713308,-0.00074588152,-0.00030194434,0.00042772545,-5.191058e-06,-0.0010103873,-1.3132317e-07,-0.10412796,-0.10412796,1.4922864,2.0793246,-6.5361747,-6.5361747,2.2903256,2.2873414,-3.2503698,-3.2503698,-0.063300949,-0.047025327,-0.039824725,-0.056181138,-0.0040961555,-0.00084103115,-0.019922282,-0.019922282,4.1318909,4.1318909,-3.9733326,-3.912104,0.0022858488,0.0022858488,1.5291903e-21,-1.5027744e-16,0,-3.2903156e-19,0,3.886681e-16,0,-4.5402636e-18,0,9.0695733e-16,9.0399495e-06,4.1224705e-09,7.2639251e-06,7.2639251e-06
0.035278205,0.054514654,0.014863888,-0.0043725618,0.050142093,0.050142093,0.10847516,0.10847516,0.07319696,0.05396051,0.012528912,0.014904907,-0.017968503,-0.015072516,0.012535466,0.01490491,-0.01796346,-0.015067473,-0.00031007552,-4.192358e-06,-1.0834804e-17,-1.3019534e-18,7.022481e-05,9.6424234e-08,-0.10350663,-0.10350663,-0.14801528,-0.0020865366,-0.0050251256,-0.0020865366,-0.00045010353,-0.00045010353,-0.0046893146,0.011721277,-0.01521333,-0.012317343,-0.012693996,0.0037165956,-0.010990078,-0.008094091,0.0080046811,0.0080046811,-0.004223252,-0.004223252,-0.023684073,-0.0043774954,0.0037814291,0.0037814291,-0.023684073,-0.0043774954,0.0037814291,0.0037814291,-0.010174573,-0.0073487148,-0.093261835,-0.096157822,-0.010174573,-0.0073487148,-0.093261835,-0.096157822,7.022481e-05,9.6424235e-08,-0.10350663,-0.10350663,-0.023613849,-0.004377399,-0.014863888,0.0043725618,-0.010244798,-0.0073488113,-1.0664592e-05,-2.2699692e-09,-0.00030006902,-0.00030006902,-0.00074818675,-0.00029499962,0.00043745315,-5.0716639e-06,-0.00098556975,-1.283027e-07,-0.10440684,-0.10440684,1.4322241,2.0053317,-6.5528965,-6.5528965,2.2083207,2.2059473,-3.2582131,-3.2582131,-0.068228428,-0.048991979,-0.03520798,-0.054514558,-0.0047227697,-0.0008754798,-0.019945041,-0.019945041,4.1439042,4.1439042,-4.0026962,-3.9296791,0.0022332743,0.0022332743,1.3762713e-21,-1.5026054e-16,0,-3.2996476e-19,0,3.8882681e-16,0,-4.5237901e-18,0,9.0684921e-16,9.0114779e-06,4.0812486e-09,6.9336272e-06,6.9336272e-06
0.030626239,0.052886404,0.017719209,-0.0045409547,0.048345449,0.048345449,0.10892302,0.10892302,0.078296778,0.056036614,0.012738092,0.015483899,-0.01899555,-0.01564754,0.012744622,0.015483902,-0.018990737,-0.015642727,-0.00023985071,-4.0959337e-06,-1.1467059e-17,-1.2681266e-18,5.9995047e-05,9.4206475e-08,-0.1037998,-0.1037998,-0.11392585,-0.0020385462,-0.0050251256,-0.0020385462,-0.00043975114,-0.00043975114,-0.0067941711,0.012177884,-0.016108251,-0.012760241,-0.015112324,0.0038597314,-0.011753516,-0.0084055063,0.0083181527,0.0083181527,-0.0043547347,-0.0043547347,-0.02686584,-0.0045457748,0.0039634181,0.0039634181,-0.02686584,-0.0045457748,0.0039634181,0.0039634181,-0.010925038,-0.0076369295,-0.092814767,-0.096162777,-0.010925038,-0.0076369295,-0.092814767,-0.096162777,5.9995047e-05,9.4206477e-08,-0.1037998,-0.1037998,-0.026805845,-0.0045456806,-0.017719209,0.0045409547,-0.010985033,-0.0076370237,-1.0229762e-05,-2.2177596e-09,-0.00029316743,-0.00029316743,-0.00075046524,-0.00028821463,0.00044706805,-4.9550159e-06,-0.00095275142,-1.253517e-07,-0.1046793,-0.1046793,1.3786045,1.9330407,-6.5692337,-6.5692337,2.1282652,2.1264253,-3.2658761,-3.2658761,-0.073173561,-0.050913397,-0.030566244,-0.052886309,-0.005361169,-0.00090913612,-0.019967276,-0.019967276,4.1556412,4.1556412,-4.0321515,-3.9469036,0.002181909,0.002181909,1.2386442e-21,-1.5024394e-16,0,-3.3087626e-19,0,3.8897572e-16,0,-4.5076913e-18,0,9.0674318e-16,8.978344e-06,4.0404388e-09,6.6183482e-06,6.6183482e-06
0.025949625,0.051295602,0.020640503,-0.0047054746,0.046590128,0.046590128,0.10936057,0.10936057,0.083410945,0.058064968,0.012926274,0.016049575,-0.020018769,-0.016209344,0.012932776,0.016049578,-0.020014174,-0.01620475,-0.00017985566,-4.0017273e-06,-8.5348515e-18,-1.2350735e-18,5.0278524e-05,9.2039726e-08,-0.10408623,-0.10408623,-0.084899977,-0.0019916597,-0.0050251256,-0.0019916597,-0.00042963687,-0.00042963687,-0.0089627497,0.01262399,-0.017002377,-0.013192952,-0.017587164,0.0039995752,-0.012519184,-0.008709759,0.0086244146,0.0086244146,-0.0044831933,-0.0044831933,-0.030106348,-0.0047101838,0.0041412212,0.0041412212,-0.030106348,-0.0047101838,0.0041412212,0.0041412212,-0.011677753,-0.0079185152,-0.092358193,-0.096167618,-0.011677753,-0.0079185152,-0.092358193,-0.096167618,5.0278524e-05,9.2039727e-08,-0.10408623,-0.10408623,-0.030056069,-0.0047100918,-0.020640503,0.0047054746,-0.011728032,-0.0079186072,-9.7165239e-06,-2.1667508e-09,-0.00028642458,-0.00028642458,-0.00075271491,-0.00028158569,0.0004565738,-4.8410506e-06,-0.00091165734,-1.2246858e-07,-0.1049455,-0.1049455,1.3315469,1.8624124,-6.5851951,-6.5851951,2.0501136,2.0487323,-3.2733628,-3.2733628,-0.0781366,-0.052790623,-0.025899346,-0.05129551,-0.0060112139,-0.00094201835,-0.019989001,-0.019989001,4.1671082,4.1671082,-4.0617084,-3.9637836,0.0021317251,0.0021317251,1.1147797e-21,-1.5022766e-16,0,-3.3176659e-19,0,3.8911536e-16,0,-4.4919589e-18,0,9.0663922e-16,8.9399672e-06,4.000037e-09,6.3174053e-06,6.3174053e-06
0.021248267,0.04974139,0.023626913,-0.0048662105,0.044875179,0.044875179,0.10978806,0.10978806,0.088539792,0.060046669,0.01309385,0.01660224,-0.02103836,-0.016758231,0.01310032,0.016602243,-0.021033974,-0.016753846,-0.00012957714,-3.9096875e-06,-7.6864909e-18,-1.2027766e-18,4.1155625e-05,8.9922811e-08,-0.10436606,-0.10436606,-0.060673005,-0.0019458515,-0.0050251256,-0.0019458515,-0.00041975522,-0.00041975522,-0.011194226,0.013059835,-0.01789584,-0.013615711,-0.020117858,0.0041362025,-0.013287142,-0.0090070139,0.0089236324,0.0089236324,-0.0046086974,-0.0046086974,-0.033405,-0.0048708114,0.004314935,0.004314935,-0.033405,-0.0048708114,0.004314935,0.004314935,-0.012432687,-0.0081936244,-0.091892219,-0.096172348,-0.012432687,-0.0081936244,-0.091892219,-0.096172348,4.1155625e-05,8.9922813e-08,-0.10436606,-0.10436606,-0.033363844,-0.0048707215,-0.023626913,0.0048662105,-0.012473843,-0.0081937143,-9.1228984e-06,-2.1169152e-09,-0.00027983681,-0.00027983681,-0.0007549337,-0.00027510922,0.00046597398,-4.7297065e-06,-0.00086201132,-1.1965178e-07,-0.10520557,-0.10520557,1.2911714,1.7934086,-6.6007894,-6.6007894,1.9738209,1.9728262,-3.2806773,-3.2806773,-0.083117795,-0.054624672,-0.021207111,-0.0497413,-0.0066727689,-0.00097414429,-0.020010225,-0.020010225,4.1783115,4.1783115,-4.0913769,-3.9803246,0.0020826954,0.0020826954,1.0033018e-21,-1.5021168e-16,0,-3.3263623e-19,0,3.8924623e-16,0,-4.4765849e-18,0,9.0653732e-16,8.8958848e-06,3.9600391e-09,6.0301466e-06,6.0301466e-06
0.016522069,0.048222924,0.026677605,-0.0050232494,0.043199674,0.043199674,0.11020572,0.11020572,0.093683646,0.061982791,0.013241201,0.017142194,-0.02205452,-0.017294499,0.013247634,0.017142197,-0.022050334,-0.017290313,-8.8421511e-05,-3.8197647e-06,-6.7529033e-18,-1.1712189e-18,3.270871e-05,8.7854586e-08,-0.10463946,-0.10463946,-0.040939884,-0.0019010969,-0.0050251256,-0.0019010969,-0.00041010085,-0.00041010085,-0.013487799,0.013485656,-0.018788768,-0.014028747,-0.022703767,0.0042696873,-0.014057453,-0.0092974319,0.0092159682,0.0092159682,-0.0047313149,-0.0047313149,-0.03676122,-0.0050277445,0.0044846533,0.0044846533,-0.03676122,-0.0050277445,0.0044846533,0.0044846533,-0.013189807,-0.0084624061,-0.091416947,-0.096176968,-0.013189807,-0.0084624061,-0.091416947,-0.096176968,3.270871e-05,8.7854588e-08,-0.10463946,-0.10463946,-0.036728511,-0.0050276567,-0.026677605,0.0050232494,-0.013222515,-0.0084624939,-8.4469155e-06,-2.068226e-09,-0.00027340057,-0.00027340057,-0.00075711957,-0.00026878171,0.00047527209,-4.6209232e-06,-0.00080353592,-1.1689977e-07,-0.10545966,-0.10545966,1.2575994,1.7259918,-6.6160251,-6.6160251,1.8993423,1.898666,-3.2878236,-3.2878236,-0.088117393,-0.056416538,-0.016489361,-0.048222836,-0.0073457022,-0.0010055313,-0.020030962,-0.020030962,4.1892572,4.1892572,-4.121167,-3.9965327,0.0020347934,0.0020347934,9.0297159e-22,-1.5019602e-16,0,-3.3348568e-19,0,3.8936882e-16,0,-4.4615613e-18,0,9.0643747e-16,8.8457762e-06,3.920441e-09,5.7559498e-06,5.7559498e-06
0.011770936,0.046739383,0.029791771,-0.0051766765,0.041562706,0.041562706,0.11061377,0.11061377,0.09884283,0.063874383,0.013368697,0.017669729,-0.023067444,-0.017818437,0.013375089,0.017669732,-0.023063449,-0.017814441,-5.5712801e-05,-3.7319101e-06,-6.0948366e-18,-1.1403838e-18,2.5022098e-05,8.583393e-08,-0.10490657,-0.10490657,-0.025354191,-0.0018573717,-0.0050251256,-0.0018573717,-0.00040066853,-0.00040066853,-0.015842694,0.013901682,-0.01968129,-0.014432282,-0.025344274,0.0044001021,-0.014830178,-0.0095811703,0.0095015803,0.0095015803,-0.0048511122,-0.0048511122,-0.040174452,-0.0051810682,0.0046504681,0.0046504681,-0.040174452,-0.0051810682,0.0046504681,0.0046504681,-0.013949077,-0.0087250058,-0.090932476,-0.096181483,-0.013949077,-0.0087250058,-0.090932476,-0.096181483,2.5022098e-05,8.5833933e-08,-0.10490657,-0.10490657,-0.040149429,-0.0051809824,-0.029791771,0.0051766765,-0.013974099,-0.0087250917,-7.6866117e-06,-2.0206566e-09,-0.00026711235,-0.00026711235,-0.00075927051,-0.00026259973,0.00048447155,-4.5146419e-06,-0.00073595246,-1.1421106e-07,-0.10570791,-0.10570791,1.230953,1.6601256,-6.6309103,-6.6309103,1.8266331,1.8262115,-3.2948055,-3.2948055,-0.093135639,-0.058167192,-0.011745914,-0.046739297,-0.0080298859,-0.0010361965,-0.020051221,-0.020051221,4.199951,4.199951,-4.1510888,-4.0124133,0.0019879932,0.0019879932,8.1267444e-22,-1.5018066e-16,0,-3.343154e-19,0,3.8948357e-16,0,-4.4468805e-18,0,9.0633965e-16,8.7894897e-06,3.8812388e-09,5.494221e-06,5.494221e-06
0.0069947679,0.045289963,0.032968621,-0.0053265748,0.039963388,0.039963388,0.11101243,0.11101243,0.10401766,0.065722468,0.013476701,0.018185131,-0.024077323,-0.018330329,0.013483048,0.018185134,-0.024073508,-0.018326514,-3.0690703e-05,-3.6460762e-06,-5.4895303e-18,-1.110255e-18,1.8182068e-05,8.385975e-08,-0.10516754,-0.10516754,-0.013527145,-0.0018146521,-0.0050251256,-0.0018146521,-0.00039145315,-0.00039145315,-0.018258159,0.014308141,-0.020573531,-0.014826537,-0.028038782,0.0045275173,-0.015605377,-0.0098583827,0.0097806233,0.0097806233,-0.0049681542,-0.0049681542,-0.043644159,-0.0053308654,0.0048124691,0.0048124691,-0.043644159,-0.0053308654,0.0048124691,0.0048124691,-0.014710462,-0.0089815658,-0.0904389,-0.096185894,-0.014710462,-0.0089815658,-0.0904389,-0.096185894,1.8182068e-05,8.3859752e-08,-0.10516754,-0.10516754,-0.043625977,-0.0053307816,-0.032968621,0.0053265748,-0.014728644,-0.0089816496,-6.8400297e-06,-1.9741814e-09,-0.00026096877,-0.00026096877,-0.00076138452,-0.00025655994,0.00049357572,-4.4108051e-06,-0.00065898088,-1.115842e-07,-0.10595045,-0.10595045,1.2113551,1.5957743,-6.6454532,-6.6454532,1.7556489,1.7554234,-3.3016268,-3.3016268,-0.098172776,-0.05987758,-0.0069765859,-0.045289879,-0.0087251954,-0.0010661563,-0.020071015,-0.020071015,4.210399,4.210399,-4.1811528,-4.0279723,0.0019422693,0.0019422693,7.3140699e-22,-1.5016561e-16,0,-3.3512587e-19,0,3.8959092e-16,0,-4.4325349e-18,0,9.0624385e-16,8.7270698e-06,3.8424286e-09,5.2443933e-06,5.2443933e-06
0.0021934667,0.04387388,0.036207388,-0.0054730253,0.038400855,0.038400855,0.11140193,0.11140193,0.10920846,0.067528046,0.013565564,0.018688678,-0.025084342,-0.018830451,0.013571861,0.018688681,-0.025080701,-0.01882681,-1.2508635e-05,-3.5622165e-06,-5.1102727e-18,-1.0808166e-18,1.227685e-05,8.1930976e-08,-0.10542251,-0.10542251,-0.0050266324,-0.0017729151,-0.0050251256,-0.0017729151,-0.00038244973,-0.00038244973,-0.020733467,0.01470525,-0.021465615,-0.015211723,-0.030786715,0.0046520019,-0.016383111,-0.010129219,0.010053248,0.010053248,-0.0050825042,-0.0050825042,-0.047169826,-0.0054772173,0.0049707441,0.0049707441,-0.047169826,-0.0054772174,0.0049707441,0.0049707441,-0.015473921,-0.0092322248,-0.089936312,-0.096190203,-0.015473921,-0.0092322248,-0.089936312,-0.096190203,1.227685e-05,8.1930978e-08,-0.10542251,-0.10542251,-0.047157549,-0.0054771354,-0.036207388,0.0054730253,-0.015486198,-0.0092323068,-5.9052184e-06,-1.9287752e-09,-0.00025496649,-0.00025496649,-0.00076345959,-0.00025065906,0.00050258788,-4.3093565e-06,-0.00057233977,-1.0901776e-07,-0.10618741,-0.10618741,1.1989299,1.5329032,-6.6596616,-6.6596616,1.6863454,1.6862635,-3.3082912,-3.3082912,-0.10322904,-0.06154863,-0.0021811899,-0.043873798,-0.0094315098,-0.0010954271,-0.020090353,-0.020090353,4.2206066,4.2206066,-4.2113691,-4.0432151,0.0018975971,0.0018975971,6.5826629e-22,-1.5015085e-16,0,-3.3591753e-19,0,3.8969129e-16,0,-4.4185169e-18,0,9.0615003e-16,8.6587867e-06,3.8040063e-09,5.0059255e-06,5.0059255e-06
-0.0026330681,0.042490367,0.039507328,-0.0056161076,0.03687426,0.03687426,0.11178246,0.11178246,0.11441553,0.069292097,0.013635629,0.019180644,-0.026088687,-0.019319074,0.013641873,0.019180647,-0.026085212,-0.019315599,-2.3178488e-07,-3.4802855e-06,-4.6736075e-18,-1.0520529e-18,7.3966183e-06,8.0046563e-08,-0.10567161,-0.10567161,0.00062376939,-0.0017321381,0.00062376939,-0.0017321381,-0.00037365339,-0.00037365339,-0.023267913,0.015093226,-0.022357663,-0.015588051,-0.033587516,0.0047736234,-0.017163439,-0.010393827,0.010319603,0.010319603,-0.0051942241,-0.0051942241,-0.050750955,-0.0056202032,0.0051253788,0.0051253788,-0.050750955,-0.0056202032,0.0051253788,0.0051253788,-0.016239415,-0.0094771187,-0.089424801,-0.096194413,-0.016239415,-0.0094771187,-0.089424801,-0.096194413,7.3966183e-06,8.0046566e-08,-0.10567161,-0.10567161,-0.050743558,-0.0056201231,-0.039507328,0.0056161076,-0.016246812,-0.0094771988,-4.8802316e-06,-1.8844134e-09,-0.00024910226,-0.00024910226,-0.00076549376,-0.0002448939,0.00051151127,-4.2102412e-06,-0.00047574631,-1.0651035e-07,-0.10641892,-0.10641892,1.1938022,1.471478,-6.6735431,-6.6735432,1.6186784,1.6186942,-3.3148024,-3.3148024,-0.10830468,-0.063181245,0.0026404647,-0.042490287,-0.010148712,-0.0011240246,-0.020109247,-0.020109247,4.2305794,4.2305794,-4.2417483,-4.0581473,0.0018539524,0.0018539524,-1.5000176e-17,-1.5013641e-16,-1.768022e-20,-3.3669082e-19,1.9577037e-17,3.8978504e-16,-4.1590508e-19,-4.4048193e-18,9.0522891e-17,9.0605818e-16,8.585167e-06,3.7659682e-09,4.778301e-06,4.778301e-06
-0.0016406324,0.041138675,0.037023408,-0.0057558989,0.035382776,0.035382776,0.11215425,0.11215425,0.11379488,0.071015574,0.014404486,0.019661295,-0.026213892,-0.019796463,0.014410673,0.019661297,-0.026210575,-0.019793146,7.1648334e-06,-3.4002389e-06,-4.2795908e-18,-1.0239486e-18,3.6334901e-06,7.8205492e-08,-0.10591499,-0.10591499,0.0039457657,-0.0016922989,0.0039457657,-0.0016922989,-0.00036505936,-0.00036505936,-0.020893154,0.015472279,-0.022373152,-0.015955722,-0.031472986,0.0048924476,-0.017069777,-0.010652348,0.010579831,0.010579831,-0.0053033745,-0.0053033745,-0.048542763,-0.0057599003,0.0052764569,0.0052764569,-0.048542763,-0.0057599003,0.0052764569,0.0052764569,-0.016130254,-0.0097163801,-0.089781098,-0.096198527,-0.016130254,-0.0097163801,-0.089781098,-0.096198527,3.6334901e-06,7.8205495e-08,-0.10591499,-0.10591499,-0.048539129,-0.0057598221,-0.037023408,0.0057558989,-0.016133888,-0.0097164583,-3.7631281e-06,-1.8410719e-09,-0.00024337291,-0.00024337291,0.00010916075,-0.00023926134,-0.00035629679,-4.1134057e-06,-0.00036891619,-1.0406061e-07,-0.1066451,-0.1066451,1.1960977,1.4114656,-6.6871055,-6.6871055,1.5526035,1.552679,-3.3211638,-3.3211638,-0.10755562,-0.06477631,0.0016442659,-0.041138597,-0.0097078259,-0.0011519644,-0.020127706,-0.020127706,4.2403229,4.2403229,-4.2472912,-4.0727744,0.0018113115,0.0018113115,-2.8499768e-17,-1.5012225e-16,-3.4449232e-20,-3.3744617e-19,3.8173968e-17,3.8987256e-16,-7.9676015e-19,-4.3914349e-18,1.7198633e-16,9.0596827e-16,8.5070261e-06,3.7283103e-09,4.5610269e-06,4.5610269e-06
0.0026486385,0.039818072,0.031276958,-0.005892475,0.033925596,0.033925596,0.11251748,0.11251748,0.10986884,0.072699412,0.015562957,0.02013089,-0.025838419,-0.020262875,0.015569085,0.020130893,-0.025835252,-0.020259709,1.0798324e-05,-3.3220334e-06,-3.9239241e-18,-9.9648884e-19,9.3368839e-07,7.6406766e-08,-0.10615276,-0.10615276,0.0054925306,-0.001653376,0.0054925306,-0.001653376,-0.00035666299,-0.00035666299,-0.015752133,0.015842613,-0.021890481,-0.016314938,-0.026586208,0.0050085388,-0.016480467,-0.010904923,0.010834075,0.010834075,-0.0054100144,-0.0054100144,-0.043066675,-0.0058963844,0.0054240602,0.0054240602,-0.043066675,-0.0058963844,0.0054240602,0.0054240602,-0.015524825,-0.0099501384,-0.090627002,-0.096202546,-0.015524825,-0.0099501384,-0.090627002,-0.096202546,9.336884e-07,7.6406769e-08,-0.10615276,-0.10615276,-0.043065741,-0.005896308,-0.031276958,0.005892475,-0.015525758,-0.0099502148,-2.6998017e-06,-1.7987272e-09,-0.00023777533,-0.00023777533,0.00060542951,-0.00023375833,-0.00084590464,-4.0187973e-06,-0.00026634668,-1.0166722e-07,-0.10686609,-0.10686609,1.1973133,1.3528336,-6.7003558,-6.7003558,1.4880767,1.4881822,-3.3273789,-3.3273789,-0.10350412,-0.066334689,-0.0026477048,-0.039817995,-0.0086131482,-0.0011792616,-0.02014574,-0.02014574,4.2498423,4.2498423,-4.2386157,-4.0871018,0.0017696513,0.0017696513,-4.0648261e-17,-1.501084e-16,-5.0363947e-20,-3.3818401e-19,5.5839821e-17,3.8995418e-16,-1.1437e-18,-4.3783566e-18,2.4529642e-16,9.0588027e-16,8.4259246e-06,3.691029e-09,4.3536324e-06,4.3536324e-06
0.0084685861,0.038527842,0.024033346,-0.0060259099,0.032501932,0.032501932,0.11287236,0.11287236,0.10440378,0.074344521,0.016894642,0.020589685,-0.025227314,-0.020718563,0.01690071,0.020589688,-0.025224292,-0.020715541,1.1732012e-05,-3.2456267e-06,-3.6026611e-18,-9.6965893e-19,-8.3941381e-07,7.464941e-08,-0.10638507,-0.10638507,0.0057820646,-0.0016153484,0.0057820646,-0.0016153484,-0.00034845975,-0.00034845975,-0.0093451604,0.01620443,-0.021174642,-0.016665891,-0.020427631,0.00512196,-0.015660441,-0.011151689,0.01108247,0.01108247,-0.0055142016,-0.0055142016,-0.036088071,-0.0060297294,0.0055682686,0.0055682686,-0.036088071,-0.0060297294,0.0055682686,0.0055682686,-0.014688186,-0.01017852,-0.091697721,-0.096206472,-0.014688186,-0.01017852,-0.091697721,-0.096206472,-8.3941381e-07,7.4649413e-08,-0.10638507,-0.10638507,-0.036088911,-0.0060296547,-0.024033346,0.0060259099,-0.014687346,-0.010178595,-1.7731022e-06,-1.7573565e-09,-0.0002323065,-0.0002323065,0.00083663903,-0.00022838189,-0.0010707186,-3.9263649e-06,-0.00017637653,-9.9328874e-08,-0.10708199,-0.10708199,1.192542,1.29555,-6.7133015,-6.7133015,1.4250547,1.4251688,-3.333451,-3.333451,-0.097916481,-0.067857225,-0.0084694255,-0.038527767,-0.0072177821,-0.0012059309,-0.02016336,-0.02016336,4.2591427,4.2591427,-4.2233767,-4.1011348,0.0017289493,0.0017289493,-5.1580788e-17,-1.5009483e-16,-6.5477506e-20,-3.3890475e-19,7.2621146e-17,3.9003025e-16,-1.4581397e-18,-4.3655777e-18,3.1126864e-16,9.0579415e-16,8.3433772e-06,3.6541204e-09,4.1556684e-06,4.1556684e-06
0.014568458,0.037267288,0.016542554,-0.0061562758,0.031111012,0.031111012,0.11321908,0.11321908,0.098650623,0.075951793,0.018246395,0.021037928,-0.024568308,-0.021163774,0.018252402,0.021037931,-0.024565423,-0.021160889,1.0892598e-05,-3.1709772e-06,-3.3122171e-18,-9.4344456e-19,-1.8610563e-06,7.2932473e-08,-0.10661203,-0.10661203,0.0052601934,-0.0015781954,0.0052601934,-0.0015781954,-0.00034044517,-0.00034044517,-0.0027344364,0.016557925,-0.020413307,-0.017008772,-0.014059589,0.0052327724,-0.014797314,-0.01139278,0.011325153,0.011325153,-0.0056159925,-0.0056159925,-0.028856903,-0.0061600074,0.0057091602,0.0057091602,-0.028856903,-0.0061600074,0.0057091602,0.0057091602,-0.013808118,-0.010401649,-0.092805774,-0.096210308,-0.013808118,-0.010401649,-0.092805774,-0.096210308,-1.8610563e-06,7.2932477e-08,-0.10661203,-0.10661203,-0.028858764,-0.0061599345,-0.016542554,0.0061562758,-0.013806257,-0.010401722,-1.0216425e-06,-1.7169373e-09,-0.00022696345,-0.00022696345,0.00088006784,-0.00022312911,-0.0011080529,-3.8360585e-06,-0.00010300367,-9.7044313e-08,-0.10729292,-0.10729292,1.1794122,1.239584,-6.7259493,-6.7259493,1.3634963,1.3636047,-3.3393835,-3.3393835,-0.092043573,-0.069344743,-0.014570319,-0.037267215,-0.0057717529,-0.0012319869,-0.020180574,-0.020180574,4.2682292,4.2682292,-4.2069406,-4.1148789,0.0016891835,0.0016891835,-6.1418971e-17,-1.5008155e-16,-7.9838767e-20,-3.3960877e-19,8.8562156e-17,3.9010106e-16,-1.7417905e-18,-4.3530914e-18,3.7063692e-16,9.0570988e-16,8.2605118e-06,3.6175808e-09,3.966706e-06,3.966706e-06
0.020141093,0.036035726,0.0096109899,-0.0062836433,0.029752083,0.029752083,0.11355782,0.11355782,0.09341673,0.077522097,0.019519504,0.021475861,-0.023982585,-0.021598748,0.019525451,0.021475864,-0.023979831,-0.021595994,9.0315418e-06,-3.0980448e-06,-3.0493632e-18,-9.1783173e-19,-2.3136707e-06,7.1255026e-08,-0.10683377,-0.10683377,0.0042844038,-0.0015418969,0.0042844038,-0.0015418969,-0.00033261493,-0.00033261493,0.0033948788,0.01690329,-0.019727605,-0.017343767,-0.0081673748,0.0053410362,-0.014012162,-0.011628325,0.011562254,0.011562254,-0.0057154422,-0.0057154422,-0.022179537,-0.006287289,0.0058468114,0.0058468114,-0.022179537,-0.006287289,0.0058468114,0.0058468114,-0.013005869,-0.010619647,-0.093830219,-0.096214056,-0.013005869,-0.010619647,-0.093830219,-0.096214056,-2.3136707e-06,7.125503e-08,-0.10683377,-0.10683377,-0.022181851,-0.0062872178,-0.0096109899,0.0062836433,-0.013003555,-0.010619718,-4.5261431e-07,-1.6774478e-09,-0.00022174329,-0.00022174329,0.00080224909,-0.00021799714,-0.001024445,-3.7478291e-06,-4.7122487e-05,-9.4812296e-08,-0.107499,-0.107499,1.1573663,1.1849052,-6.7383063,-6.7383063,1.3033622,1.3034566,-3.3451795,-3.3451795,-0.086692681,-0.070798047,-0.020143407,-0.036035655,-0.0044363702,-0.0012574436,-0.020197392,-0.020197392,4.2771068,4.2771068,-4.192662,-4.1283391,0.0016503323,0.0016503323,-7.0272272e-17,-1.5006855e-16,-9.3492239e-20,-3.4029649e-19,1.0370485e-16,3.9016692e-16,-1.9966178e-18,-4.3408911e-18,4.2406179e-16,9.0562744e-16,8.1780182e-06,3.5814065e-09,3.7863359e-06,3.7863359e-06
0.024735027,0.034832491,0.0036893827,-0.0064080813,0.02842441,0.02842441,0.11388878,0.11388878,0.089153748,0.079056284,0.020658901,0.021903722,-0.023537974,-0.02202372,0.020664789,0.021903724,-0.023535346,-0.022021092,6.7178711e-06,-3.0267897e-06,-2.8112104e-18,-8.9280675e-19,-2.3665208e-06,6.961616e-08,-0.10705042,-0.10705042,0.0031222835,-0.0015064333,0.0031222835,-0.0015064333,-0.00032496479,-0.00032496479,0.0086599373,0.017240711,-0.019185312,-0.017671058,-0.0031339638,0.0054468099,-0.013372707,-0.011858453,0.011793901,0.011793901,-0.0058126046,-0.0058126046,-0.016506671,-0.0064116432,0.0059812965,0.0059812965,-0.016506671,-0.0064116432,0.0059812965,0.0059812965,-0.01234932,-0.01083263,-0.094703463,-0.096217718,-0.01234932,-0.01083263,-0.094703463,-0.096217718,-2.3665208e-06,6.9616164e-08,-0.10705042,-0.10705042,-0.016509038,-0.0064115736,-0.0036893827,0.0064080813,-0.012346954,-0.010832699,-5.2850113e-08,-1.6388665e-09,-0.00021664319,-0.00021664319,0.00065654865,-0.0002129832,-0.00087324469,-3.6616291e-06,-7.598682e-06,-9.2631616e-08,-0.10770035,-0.10770035,1.1270328,1.131484,-6.7503791,-6.7503791,1.2446155,1.2446919,-3.3508423,-3.3508423,-0.08231539,-0.072217926,-0.024737393,-0.034832421,-0.0033018075,-0.0012823147,-0.020213824,-0.020213824,4.2857801,4.2857801,-4.1823301,-4.1415206,0.0016123746,0.0016123746,-7.8239205e-17,-1.5005583e-16,-1.064783e-19,-3.4096826e-19,1.1808913e-16,3.9022811e-16,-2.2247661e-18,-4.3289702e-18,4.7213774e-16,9.055468e-16,8.0962396e-06,3.5455939e-09,3.6141675e-06,3.6141675e-06
0.028165039,0.03365693,-0.0010377664,-0.0065296572,0.027127273,0.027127273,0.11421212,0.11421212,0.086047076,0.080555185,0.021642184,0.022321741,-0.02326237,-0.022438921,0.021648013,0.022321744,-0.023259861,-0.022436412,4.3513503e-06,-2.9571736e-06,-2.595186e-18,-8.6835621e-19,-2.1642386e-06,6.8014989e-08,-0.10726208,-0.10726208,0.0019592513,-0.0014717853,0.0019592513,-0.0014717853,-0.0003174906,-0.0003174906,0.012904162,0.017570372,-0.018814269,-0.01799082,0.000883941,0.0055501508,-0.012906737,-0.012083288,0.012020221,0.012020221,-0.0059075322,-0.0059075322,-0.012022796,-0.0065331372,0.0061126885,0.0061126885,-0.012022796,-0.0065331372,0.0061126885,0.0061126885,-0.011866395,-0.011040714,-0.095397846,-0.096221295,-0.011866395,-0.011040714,-0.095397846,-0.096221295,-2.1642386e-06,6.8014992e-08,-0.10726208,-0.10726208,-0.01202496,-0.0065330692,0.0010377664,0.0065296572,-0.011864231,-0.011040782,2.0228219e-07,-1.6011726e-09,-0.0002116604,-0.0002116604,0.00048292468,-0.00020808459,-0.0006943828,-3.5774116e-06,1.7861699e-05,-9.0501091e-08,-0.10789706,-0.10789706,1.0897188,1.0792915,-6.7621741,-6.7621741,1.187221,1.1872788,-3.3563748,-3.3563748,-0.079097038,-0.073605148,-0.028167203,-0.033656862,-0.002404992,-0.0013066138,-0.020229878,-0.020229878,4.294254,4.294254,-4.1766193,-4.1544286,0.00157529,0.00157529,-8.5408434e-17,-1.5004339e-16,-1.188336e-19,-3.4162448e-19,1.3175292e-16,3.9028489e-16,-2.4284744e-18,-4.3173226e-18,5.153998e-16,9.0546791e-16,8.0152994e-06,3.5101394e-09,3.4498276e-06,3.4498276e-06
0.030430397,0.032508407,-0.0045704275,-0.0066484369,0.02585997,0.02585997,0.11452802,0.11452802,0.084097621,0.082019612,0.022469582,0.022730147,-0.023155993,-0.022844575,0.022475353,0.022730149,-0.023153598,-0.02284218,2.1871118e-06,-2.8891586e-06,-2.3990054e-18,-8.4446702e-19,-1.8220351e-06,6.6450644e-08,-0.10746887,-0.10746887,0.00091135238,-0.0014379342,0.00091135238,-0.0014379342,-0.00031018832,-0.00031018832,0.016127747,0.01789245,-0.018614646,-0.018303228,0.0038864121,0.0056511149,-0.01261437,-0.012302952,0.012241335,0.012241335,-0.0060002765,-0.0060002765,-0.0087279578,-0.0066518369,0.0062410585,0.0062410585,-0.0087279578,-0.0066518369,0.0062410585,0.0062410585,-0.01155732,-0.011244013,-0.095913372,-0.09622479,-0.01155732,-0.011244013,-0.095913372,-0.09622479,-1.8220351e-06,6.6450648e-08,-0.10746887,-0.10746887,-0.0087297798,-0.0066517704,0.0045704275,0.0066484369,-0.011555498,-0.011244079,3.4220351e-07,-1.5643457e-09,-0.00020679221,-0.00020679221,0.00030907577,-0.00020329864,-0.00051552578,-3.4951311e-06,3.2056112e-05,-8.8419568e-08,-0.10808925,-0.10808925,1.0470274,1.0282994,-6.7736979,-6.7736979,1.1311456,1.1311861,-3.36178,-3.36178,-0.077038472,-0.074960463,-0.030432219,-0.03250834,-0.001745956,-0.0013303541,-0.020245562,-0.020245562,4.3025329,4.3025329,-4.1754717,-4.1670682,0.0015390584,0.0015390584,-9.1859757e-17,-1.5003121e-16,-1.3059154e-19,-3.422655e-19,1.4473223e-16,3.9033751e-16,-2.6099942e-18,-4.305942e-18,5.543295e-16,9.0539076e-16,7.9352102e-06,3.4750393e-09,3.2929605e-06,3.2929605e-06
0.03164583,0.031386299,-0.0070240154,-0.0067644847,0.024621815,0.024621815,0.11483666,0.11483666,0.083190826,0.083450356,0.023155482,0.023129159,-0.023201748,-0.023240901,0.023161196,0.023129161,-0.023199462,-0.023238615,3.6507671e-07,-2.8227079e-06,-2.2206428e-18,-8.2112637e-19,-1.425553e-06,6.4922279e-08,-0.10767091,-0.10767091,3.9983057e-05,-0.0014048617,3.9983057e-05,-0.0014048617,-0.00030305398,-0.00030305398,0.018428988,0.01820712,-0.018569298,-0.018608451,0.0059716248,0.0057497568,-0.01247841,-0.012517563,0.012457364,0.012457364,-0.0060908877,-0.0060908877,-0.0065067852,-0.0067678064,0.0063664759,0.0063664759,-0.0065067852,-0.0067678064,0.0063664759,0.0063664759,-0.011404973,-0.011442636,-0.096267358,-0.096228205,-0.011404973,-0.011442636,-0.096267358,-0.096228205,-1.425553e-06,6.4922283e-08,-0.10767091,-0.10767091,-0.0065082108,-0.0067677415,0.0070240154,0.0067644847,-0.011403547,-0.011442701,3.9648208e-07,-1.5283657e-09,-0.00020203599,-0.00020203599,0.00015234656,-0.00019862277,-0.00035398607,-3.4147431e-06,3.7826173e-05,-8.638592e-08,-0.10827701,-0.10827701,1.0005887,0.97848016,-6.7849567,-6.7849567,1.0763578,1.0763836,-3.3670609,-3.3670609,-0.076025075,-0.076284606,-0.031647256,-0.031386234,-0.0013016422,-0.0013535483,-0.020260886,-0.020260886,4.3106215,4.3106215,-4.1783928,-4.1794442,0.00150366,0.00150366,-9.766499e-17,-1.500193e-16,-1.4178272e-19,-3.4289167e-19,1.5706131e-16,3.9038621e-16,-2.7715202e-18,-4.2948223e-18,5.8936021e-16,9.053153e-16,7.8559437e-06,3.4402902e-09,3.1432263e-06,3.1432263e-06
0.031987152,0.030290001,-0.0085750146,-0.0068778633,0.023412137,0.023412137,0.11513819,0.11513819,0.083151043,0.084848194,0.023721761,0.023518994,-0.023373377,-0.023628115,0.023727418,0.023518996,-0.023371195,-0.023625933,-1.0604763e-06,-2.7577856e-06,-2.0583018e-18,-7.9832174e-19,-1.0336382e-06,6.3429066e-08,-0.10786829,-0.10786829,-0.00063360195,-0.0013725499,-0.00063360195,-0.0013725499,-0.00029608374,-0.00029608374,0.019958065,0.018514554,-0.018651916,-0.018906653,0.007289641,0.0058461299,-0.012472501,-0.012727239,0.012668424,0.012668424,-0.0061794148,-0.0061794148,-0.0051828603,-0.0068811087,0.0064890088,0.0064890088,-0.0051828603,-0.0068811087,0.0064890088,0.0064890088,-0.01138305,-0.01163669,-0.096486278,-0.096231541,-0.01138305,-0.01163669,-0.096486278,-0.096231541,-1.0336382e-06,6.342907e-08,-0.10786829,-0.10786829,-0.005183894,-0.0068810452,0.0085750146,0.0068778633,-0.011382016,-0.011636754,3.919148e-07,-1.4932133e-09,-0.00019738916,-0.00019738916,2.1923032e-05,-0.00019405445,-0.00021892028,-3.336204e-06,3.7765927e-05,-8.4399045e-08,-0.10846046,-0.10846046,0.95188958,0.92980674,-6.7959565,-6.7959565,1.0228275,1.0228416,-3.3722204,-3.3722204,-0.075881143,-0.077578294,-0.031988186,-0.030289937,-0.0010367788,-0.001376209,-0.020275857,-0.020275857,4.318524,4.318524,-4.1846683,-4.1915616,0.0014690758,0.0014690758,-1.0288877e-16,-1.5000765e-16,-1.5243542e-19,-3.4350335e-19,1.6877267e-16,3.9043122e-16,-2.9151377e-18,-4.2839577e-18,6.2088196e-16,9.0524152e-16,7.7774679e-06,3.4058885e-09,3.0003007e-06,3.0003007e-06
0.031651321,0.029218917,-0.0094210388,-0.0069886343,0.022230283,0.022230283,0.1154328,0.1154328,0.083781476,0.086213881,0.024192879,0.023899862,-0.023641452,-0.024006424,0.024198479,0.023899865,-0.023639369,-0.024004342,-2.0941144e-06,-2.6943566e-06,-1.9103876e-18,-7.7604087e-19,-6.82669e-07,6.1970197e-08,-0.10806114,-0.10806114,-0.0011153241,-0.0013409813,-0.0011153241,-0.0013409813,-0.00028927382,-0.00028927382,0.020883092,0.018814916,-0.018833025,-0.019197997,0.0080084632,0.0059402865,-0.012567119,-0.012932091,0.012874629,0.012874629,-0.0062659058,-0.0062659058,-0.0045586558,-0.006991805,0.0066087234,0.0066087234,-0.0045586558,-0.006991805,0.0066087234,0.0066087234,-0.011462054,-0.011826281,-0.096599773,-0.096234801,-0.011462054,-0.011826281,-0.096599773,-0.096234801,-6.82669e-07,6.1970202e-08,-0.10806114,-0.10806114,-0.0045593385,-0.006991743,0.0094210388,0.0069886343,-0.011461371,-0.011826343,3.5096918e-07,-1.4588694e-09,-0.00019284921,-0.00019284921,-7.900365e-05,-0.0001895912,-0.00011349459,-3.2594713e-06,3.4063279e-05,-8.2457868e-08,-0.10863969,-0.10863969,0.90218095,0.88225281,-6.8067033,-6.8067033,0.97052563,0.97053105,-3.3772612,-3.3772612,-0.076409823,-0.078842227,-0.031652004,-0.029218855,-0.0009118677,-0.0013983486,-0.020290484,-0.020290484,4.3262447,4.3262447,-4.1935144,-4.2034252,0.0014352871,0.0014352871,-1.0758925e-16,-1.4999626e-16,-1.6257599e-19,-3.4410087e-19,1.7989722e-16,3.9047275e-16,-3.0427852e-18,-4.2733424e-18,6.4924579e-16,9.0516937e-16,7.6997603e-06,3.3718308e-09,2.863874e-06,2.863874e-06
0.030829401,0.028172468,-0.0097537909,-0.0070968575,0.02107561,0.02107561,0.11572063,0.11572063,0.084891224,0.087548157,0.024592563,0.024271971,-0.023977427,-0.024376035,0.024598107,0.024271973,-0.023975439,-0.024374047,-2.7767834e-06,-2.6323864e-06,-1.7754816e-18,-7.542718e-19,-3.9144136e-07,6.0544882e-08,-0.10824956,-0.10824956,-0.0014275359,-0.0013101387,-0.0014275359,-0.0013101387,-0.00028262052,-0.00028262052,0.021367147,0.019108369,-0.019084032,-0.01948264,0.008291055,0.0060322774,-0.012733625,-0.013132233,0.013076092,0.013076092,-0.0063504075,-0.0063504075,-0.0044425699,-0.0070999553,0.0067256846,0.0067256846,-0.0044425699,-0.0070999553,0.0067256846,0.0067256846,-0.011613356,-0.012011512,-0.096636593,-0.096237985,-0.011613356,-0.012011512,-0.096636593,-0.096237985,-3.9144135e-07,6.0544887e-08,-0.10824956,-0.10824956,-0.0044429613,-0.0070998947,0.0097537909,0.0070968575,-0.011612965,-0.012011573,2.9122764e-07,-1.4253154e-09,-0.00018841368,-0.00018841368,-0.00015130252,-0.0001852306,-3.6819935e-05,-3.1845035e-06,2.8440095e-05,-8.0561338e-08,-0.1088148,-0.1088148,0.85244247,0.83579263,-6.8172029,-6.8172029,0.91942418,0.91942362,-3.382186,-3.382186,-0.077420156,-0.08007709,-0.030829793,-0.028172407,-0.00088859227,-0.0014199789,-0.020304775,-0.020304775,4.3337879,4.3337879,-4.2041757,-4.2150398,0.0014022755,0.0014022755,-1.118188e-16,-1.4998511e-16,-1.7222912e-19,-3.4468456e-19,1.9046433e-16,3.90511e-16,-3.1562337e-18,-4.2629706e-18,6.7476762e-16,9.0509882e-16,7.6228089e-06,3.3381136e-09,2.7336508e-06,2.7336508e-06
0.029690211,0.027150087,-0.0097427148,-0.0072025916,0.019947496,0.019947496,0.11600183,0.11600183,0.086311622,0.088851745,0.024941805,0.024635521,-0.024356095,-0.024737147,0.024947293,0.024635523,-0.024354197,-0.02473525,-3.1682248e-06,-2.5718415e-06,-1.6523186e-18,-7.3300282e-19,-1.6592841e-07,5.915235e-08,-0.10843364,-0.10843364,-0.0016007052,-0.0012800055,-0.0016007052,-0.0012800055,-0.00027612025,-0.00027612025,0.02155437,0.019395074,-0.019379684,-0.019760736,0.0082814486,0.0061221526,-0.012946718,-0.013327771,0.013272921,0.013272921,-0.0064329657,-0.0064329657,-0.0046652698,-0.0072056181,0.0068399556,0.0068399556,-0.0046652698,-0.0072056181,0.0068399556,0.0068399556,-0.011811655,-0.012192482,-0.096622149,-0.096241096,-0.011811655,-0.012192482,-0.096622149,-0.096241096,-1.659284e-07,5.9152355e-08,-0.10843364,-0.10843364,-0.0046654357,-0.007205559,0.0097427148,0.0072025916,-0.011811489,-0.012192541,2.2551295e-07,-1.3925332e-09,-0.00018408016,-0.00018408016,-0.00019829895,-0.0001809703,1.4444301e-05,-3.1112599e-06,2.2159854e-05,-7.8708428e-08,-0.10898588,-0.10898588,0.80338695,0.79040102,-6.8274611,-6.8274611,0.8694959,0.86949167,-3.3869976,-3.3869976,-0.078743427,-0.08128355,-0.029690376,-0.027150028,-0.00093308715,-0.0014411118,-0.020318736,-0.020318736,4.3411576,4.3411576,-4.2159841,-4.2264102,0.0013700231,0.0013700231,-1.1562453e-16,-1.4997422e-16,-1.8141816e-19,-3.4525475e-19,2.0050189e-16,3.9054617e-16,-3.2570786e-18,-4.2528368e-18,6.9773178e-16,9.0502985e-16,7.5466085e-06,3.3047335e-09,2.609349e-06,2.609349e-06
0.028372248,0.026151221,-0.0095269208,-0.0073058938,0.018845328,0.018845328,0.11627657,0.11627657,0.087904324,0.090125351,0.025257866,0.024990709,-0.024756792,-0.025089956,0.0252633,0.024990712,-0.024754981,-0.025088144,-3.3341532e-06,-2.5126891e-06,-1.5397674e-18,-7.1222248e-19,-3.500864e-09,5.7791846e-08,-0.10861348,-0.10861348,-0.0016674267,-0.0012505654,-0.0016674267,-0.0012505654,-0.00026976948,-0.00026976948,0.021563109,0.019675184,-0.019699273,-0.020032436,0.0080978856,0.0062099606,-0.013185648,-0.013518811,0.013465223,0.013465223,-0.006513625,-0.006513625,-0.0050877624,-0.0073088507,0.0069515985,0.0069515985,-0.0050877624,-0.0073088507,0.0069515985,0.0069515985,-0.012036188,-0.01236929,-0.096577299,-0.096244136,-0.012036188,-0.01236929,-0.096577299,-0.096244136,-3.500859e-09,5.7791851e-08,-0.10861348,-0.10861348,-0.0050877659,-0.0073087929,0.0095269208,0.0073058938,-0.012036185,-0.012369348,1.6242754e-07,-1.3605049e-09,-0.00017984632,-0.00017984632,-0.00022453319,-0.00017680798,4.4849301e-05,-3.039701e-06,1.6076826e-05,-7.6898135e-08,-0.10915302,-0.10915302,0.75548896,0.74605343,-6.8374833,-6.8374833,0.82071428,0.82070815,-3.3916985,-3.3916985,-0.080241236,-0.082462263,-0.028372252,-0.026151164,-0.0010175532,-0.0014617586,-0.020332377,-0.020332377,4.3483577,4.3483577,-4.2283888,-4.2375409,0.0013385126,0.0013385126,-1.1904884e-16,-1.4996356e-16,-1.9016524e-19,-3.4581174e-19,2.1003641e-16,3.9057843e-16,-3.3467411e-18,-4.2429357e-18,7.1839416e-16,9.0496242e-16,7.4711567e-06,3.2716872e-09,2.4906993e-06,2.4906993e-06
0.02698158,0.02517533,-0.00921307,-0.00740682,0.01776851,0.01776851,0.11654499,0.11654499,0.089563413,0.091369663,0.025554022,0.025337729,-0.025163721,-0.025434651,0.025559401,0.025337731,-0.025161992,-0.025432922,-3.3376541e-06,-2.4548973e-06,-1.4368137e-18,-6.9191961e-19,1.0359899e-07,5.6462633e-08,-0.10878919,-0.10878919,-0.0016584671,-0.0012218024,-0.0016584671,-0.0012218024,-0.00026356478,-0.00026356478,0.021484124,0.019948852,-0.020026957,-0.020297887,0.0078310215,0.006295749,-0.013434528,-0.013705458,0.013653103,0.013653103,-0.0065924292,-0.0065924292,-0.0056035061,-0.0074097089,0.0070606735,0.0070606735,-0.0056035061,-0.0074097089,0.0070606735,0.0070606735,-0.012271054,-0.012542032,-0.096518036,-0.096247106,-0.012271054,-0.012542032,-0.096518036,-0.096247106,1.0359899e-07,5.6462638e-08,-0.10878919,-0.10878919,-0.0056034025,-0.0074096525,0.00921307,0.00740682,-0.012271158,-0.012542088,1.0709985e-07,-1.3292133e-09,-0.00017570986,-0.00017570986,-0.00023486578,-0.0001727414,5.9263025e-05,-2.9697878e-06,1.0706484e-05,-7.5129478e-08,-0.10931632,-0.10931632,0.70902585,0.70272583,-6.8472749,-6.8472749,0.77305337,0.77304665,-3.3962913,-3.3962913,-0.081807614,-0.083613864,-0.026981476,-0.025175273,-0.0011206805,-0.0014819305,-0.020345704,-0.020345704,4.3553923,4.3553923,-4.2409644,-4.2484365,0.0013077268,0.0013077268,-1.2212989e-16,-1.4995315e-16,-1.9849147e-19,-3.4635585e-19,2.1909306e-16,3.9060796e-16,-3.4264773e-18,-4.2332618e-18,7.3698507e-16,9.048965e-16,7.3964514e-06,3.2389713e-09,2.3774447e-06,2.3774447e-06
0.025593652,0.024221883,-0.0088771936,-0.007505425,0.016716458,0.016716458,0.11680724,0.11680724,0.091213588,0.092585357,0.025839783,0.025676766,-0.025565672,-0.025771421,0.025845108,0.025676769,-0.025564022,-0.025769771,-3.2340551e-06,-2.3984346e-06,-1.342546e-18,-6.7208327e-19,1.655867e-07,5.5163992e-08,-0.10896086,-0.10896086,-0.0016004689,-0.0011937009,-0.0016004689,-0.0011937009,-0.00025750279,-0.00025750279,0.021382134,0.020216225,-0.020351484,-0.020557233,0.0075454738,0.0063795643,-0.013682063,-0.013887812,0.013836661,0.013836661,-0.0066694208,-0.0066694208,-0.0061365893,-0.0075082474,0.0071672398,0.0071672398,-0.0061365893,-0.0075082474,0.0071672398,0.0071672398,-0.012504941,-0.0127108,-0.096455756,-0.096250007,-0.012504941,-0.0127108,-0.096455756,-0.096250007,1.655867e-07,5.5163997e-08,-0.10896086,-0.10896086,-0.0061364237,-0.0075081923,0.0088771936,0.007505425,-0.012505106,-0.012710855,6.1987709e-08,-1.2986414e-09,-0.00017166853,-0.00017166853,-0.00023388676,-0.00016876834,6.2280224e-05,-2.9014827e-06,6.3023699e-06,-7.3401501e-08,-0.10947587,-0.10947587,0.66412256,0.66039476,-6.8568414,-6.8568414,0.7264878,0.72648137,-3.4007784,-3.4007784,-0.083367211,-0.084738979,-0.025593486,-0.024221828,-0.0012272847,-0.0015016385,-0.020358725,-0.020358725,4.3622651,4.3622651,-4.2534049,-4.2591016,0.0012776491,0.0012776491,-1.2490203e-16,-1.4994296e-16,-2.0641698e-19,-3.4688738e-19,2.2769578e-16,3.9063492e-16,-3.4973913e-18,-4.2238101e-18,7.5371178e-16,9.0483207e-16,7.322489e-06,3.2065825e-09,2.2693399e-06,2.2693399e-06
0.0242574,0.023290366,-0.0085687965,-0.007601762,0.015688604,0.015688604,0.11706346,0.11706346,0.092806055,0.093773089,0.026121401,0.026008006,-0.025955413,-0.026100447,0.026126673,0.026008008,-0.025953837,-0.026098871,-3.0684684e-06,-2.3432707e-06,-1.2561429e-18,-6.5270277e-19,1.9322645e-07,5.389522e-08,-0.10912858,-0.10912858,-0.0015149115,-0.0011662458,-0.0015149115,-0.0011662458,-0.00025158023,-0.00025158023,0.02129931,0.020477449,-0.020665579,-0.020810613,0.0072833128,0.0064614519,-0.013920937,-0.014065971,0.014015997,0.014015997,-0.0067446417,-0.0067446417,-0.0066376244,-0.0076045196,0.0072713551,0.0072713551,-0.0066376244,-0.0076045196,0.0072713551,0.0072713551,-0.012730513,-0.012875687,-0.096397876,-0.096252842,-0.012730513,-0.012875687,-0.096397876,-0.096252842,1.9322645e-07,5.3895225e-08,-0.10912858,-0.10912858,-0.0066374312,-0.0076044657,0.0085687965,0.007601762,-0.012730706,-0.012875741,2.7639747e-08,-1.2687727e-09,-0.00016772015,-0.00016772015,-0.00022557221,-0.00016488667,5.7879702e-05,-2.8347486e-06,2.9295615e-06,-7.1713267e-08,-0.10963174,-0.10963174,0.62079447,0.61903731,-6.8661879,-6.8661879,0.68099272,0.68098709,-3.4051624,-3.4051624,-0.084871182,-0.085838217,-0.024257207,-0.023290312,-0.0013274862,-0.0015208931,-0.020371445,-0.020371445,4.3689798,4.3689798,-4.2655096,-4.2695406,0.0012482632,0.0012482632,-1.2739616e-16,-1.49933e-16,-2.1396105e-19,-3.4740661e-19,2.3586729e-16,3.9065946e-16,-3.5604516e-18,-4.2145754e-18,7.6876082e-16,9.0476908e-16,7.2492645e-06,3.1745175e-09,2.1661507e-06,2.1661507e-06
0.023000386,0.022380274,-0.0083159954,-0.0076958833,0.01468439,0.01468439,0.11731378,0.11731378,0.094313392,0.094933504,0.026402497,0.026331627,-0.026328911,-0.026421907,0.026407717,0.02633163,-0.026327408,-0.026420403,-2.8752419e-06,-2.2893754e-06,-1.1768638e-18,-6.3376767e-19,1.965832e-07,5.265563e-08,-0.10929245,-0.10929245,-0.0014179626,-0.0011394221,-0.0014179626,-0.0011394221,-0.00024579388,-0.00024579388,0.021259637,0.020732664,-0.020965171,-0.021058166,0.007068429,0.006541456,-0.014147038,-0.014240033,0.014191208,0.014191208,-0.0068181325,-0.0068181325,-0.0070786093,-0.0076985774,0.0073730758,0.0073730758,-0.0070786093,-0.0076985774,0.0073730758,0.0073730758,-0.012943642,-0.013036781,-0.096348607,-0.096255612,-0.012943642,-0.013036781,-0.096348607,-0.096255612,1.9658321e-07,5.2655635e-08,-0.10929245,-0.10929245,-0.0070784127,-0.0076985248,0.0083159954,0.0076958833,-0.012943838,-0.013036834,3.3567553e-09,-1.2395909e-09,-0.00016386259,-0.00016386259,-0.00021312873,-0.00016109428,4.92695e-05,-2.7695494e-06,5.2890198e-07,-7.0063863e-08,-0.10978403,-0.10978403,0.5789849,0.57863108,-6.8753194,-6.8753194,0.63654376,0.63653917,-3.4094455,-3.4094455,-0.086292059,-0.086912171,-0.023000189,-0.022380221,-0.0014156825,-0.001539705,-0.020383874,-0.020383874,4.3755401,4.3755401,-4.2771636,-4.2797579,0.0012195531,0.0012195531,-1.2964011e-16,-1.4992327e-16,-2.2114208e-19,-3.4791384e-19,2.4362917e-16,3.9068173e-16,-3.6165066e-18,-4.2055529e-18,7.8230007e-16,9.0470751e-16,7.1767719e-06,3.1427732e-09,2.0676537e-06,2.0676537e-06
0.021834078,0.021491114,-0.0081308041,-0.0077878398,0.013703274,0.013703274,0.11755834,0.11755834,0.095724264,0.096067229,0.026684715,0.026647805,-0.02668455,-0.026735974,0.026689882,0.026647808,-0.026683114,-0.026734539,-2.6786587e-06,-2.2367198e-06,-1.1040395e-18,-6.1526776e-19,1.8430958e-07,5.144455e-08,-0.10945254,-0.10945254,-0.0013208984,-0.0011132154,-0.0013208984,-0.0011132154,-0.00024014062,-0.00024014062,0.021273417,0.02098201,-0.0212486,-0.021300025,0.0069110268,0.0066196201,-0.014358667,-0.014410092,0.01436239,0.01436239,-0.0068899329,-0.0068899329,-0.0074476405,-0.0077904719,0.0074724568,0.0074724568,-0.0074476405,-0.0077904719,0.0074724568,0.0074724568,-0.013142612,-0.01319417,-0.096309742,-0.096258317,-0.013142612,-0.01319417,-0.096309742,-0.096258317,1.8430959e-07,5.1444556e-08,-0.10945254,-0.10945254,-0.0074474562,-0.0077904205,0.0081308041,0.0077878398,-0.013142797,-0.013194222,-1.2273622e-08,-1.2110803e-09,-0.00016009375,-0.00016009375,-0.00019897068,-0.00015738911,3.8864658e-05,-2.7058498e-06,-1.030779e-06,-6.8452394e-08,-0.10993282,-0.10993282,0.53859559,0.53915419,-6.8842408,-6.8842408,0.59311705,0.59311356,-3.4136301,-3.4136301,-0.087618461,-0.087961425,-0.021833894,-0.021491062,-0.0014894912,-0.0015580841,-0.020396016,-0.020396016,4.3819494,4.3819494,-4.288318,-4.2897578,0.0011915034,0.0011915034,-1.3165891e-16,-1.4991375e-16,-2.2797767e-19,-3.4840934e-19,2.5100193e-16,3.9070187e-16,-3.6663011e-18,-4.1967375e-18,7.9448064e-16,9.0464733e-16,7.1050043e-06,3.1113462e-09,1.9736354e-06,1.9736354e-06
0.020758724,0.020622404,-0.008014001,-0.0078776813,0.012744723,0.012744723,0.11779728,0.11779728,0.097038558,0.097174878,0.026968314,0.026956711,-0.027022389,-0.02704282,0.02697343,0.026956714,-0.027021019,-0.02704145,-2.4943491e-06,-2.1852752e-06,-1.0370649e-18,-5.9719306e-19,1.6333636e-07,5.0261325e-08,-0.10960895,-0.10960895,-0.0012308409,-0.0010876115,-0.0012308409,-0.0010876115,-0.00023461739,-0.00023461739,0.021341396,0.021225621,-0.02151589,-0.021536321,0.006811762,0.0066959864,-0.014555808,-0.014576239,0.014529634,0.014529634,-0.006960082,-0.006960082,-0.0077440462,-0.0078802529,0.0075695521,0.0075695521,-0.0077440462,-0.0078802529,0.0075695521,0.0075695521,-0.013327395,-0.013347939,-0.096281392,-0.096260961,-0.013327395,-0.013347939,-0.096281392,-0.096260961,1.6333637e-07,5.0261331e-08,-0.10960895,-0.10960895,-0.0077438829,-0.0078802026,0.008014001,0.0078776813,-0.013327558,-0.013347989,-2.0973219e-08,-1.1832255e-09,-0.00015641159,-0.00015641159,-0.00018478266,-0.00015376916,2.8350097e-05,-2.6436152e-06,-1.9130123e-06,-6.687799e-08,-0.11007819,-0.11007819,0.4995098,0.50058527,-6.8929571,-6.8929571,0.55068921,0.55068674,-3.4177185,-3.4177185,-0.088850227,-0.088986546,-0.020758561,-0.020622354,-0.0015487766,-0.0015760405,-0.02040788,-0.02040788,4.3882114,4.3882114,-4.2989703,-4.2995444,0.0011640988,0.0011640988,-1.3347509e-16,-1.4990445e-16,-2.3448465e-19,-3.4889339e-19,2.5800506e-16,3.9072e-16,-3.7104908e-18,-4.1881247e-18,8.0543849e-16,9.0458851e-16,7.0339545e-06,3.0802335e-09,1.8838922e-06,1.8838922e-06
0.019767482,0.019773675,-0.0079592629,-0.0079654564,0.011808219,0.011808219,0.11803073,0.11803073,0.098263245,0.098257052,0.027252679,0.027258512,-0.027343553,-0.02734261,0.027257743,0.027258515,-0.027342245,-0.027341302,-2.3310127e-06,-2.1350139e-06,-9.7539312e-19,-5.7953382e-19,1.3884559e-07,4.9105315e-08,-0.10976176,-0.10976176,-0.0011516218,-0.0010625964,-0.0011516218,-0.0010625964,-0.00022922119,-0.00022922119,0.021458287,0.021463628,-0.021768125,-0.021767183,0.0067652554,0.0067705962,-0.014739508,-0.014738565,0.014693032,0.014693032,-0.0070286177,-0.0070286177,-0.0079742522,-0.0079679689,0.0076644142,0.0076644142,-0.0079742522,-0.0079679689,0.0076644142,0.0076644142,-0.013499024,-0.013498172,-0.096262601,-0.096263544,-0.013499024,-0.013498172,-0.096262601,-0.096263544,1.3884559e-07,4.910532e-08,-0.10976176,-0.10976176,-0.0079741133,-0.0079679198,0.0079592629,0.0079654564,-0.013499163,-0.013498221,-2.4490776e-08,-1.1560113e-09,-0.00015281413,-0.00015281413,-0.0001716293,-0.00015023247,1.8790681e-05,-2.5828121e-06,-2.2857412e-06,-6.5339797e-08,-0.11022021,-0.11022021,0.46160868,0.46290343,-6.9014729,-6.9014729,0.50923732,0.50923574,-3.4217128,-3.4217128,-0.089994283,-0.08998809,-0.019767343,-0.019773626,-0.0015948227,-0.001593584,-0.02041947,-0.02041947,4.3943293,4.3943293,-4.3091483,-4.3091221,0.0011373246,0.0011373246,-1.3510894e-16,-1.4989536e-16,-2.4067907e-19,-3.4936625e-19,2.6465705e-16,3.9073626e-16,-3.7496549e-18,-4.1797097e-18,8.15296e-16,9.0453103e-16,6.9636152e-06,3.0494319e-09,1.7982298e-06,1.7982298e-06
0.018849693,0.018944467,-0.0079564389,-0.0080512127,0.010893254,0.010893254,0.1182588,0.1182588,0.099409109,0.099314335,0.027536721,0.027553372,-0.027649732,-0.027635506,0.027541735,0.027553374,-0.027648484,-0.027634258,-2.1921672e-06,-2.0859086e-06,-9.1852925e-19,-5.6228051e-19,1.1442307e-07,4.7975892e-08,-0.10991106,-0.10991106,-0.0010846413,-0.0010381567,-0.0010846413,-0.0010381567,-0.0002239491,-0.0002239491,0.021615547,0.021696162,-0.02200696,-0.021992734,0.0067628758,0.00684349,-0.014911383,-0.014897157,0.014852672,0.014852672,-0.007095577,-0.007095577,-0.0081485077,-0.0080536674,0.0077570945,0.0077570945,-0.0081485077,-0.0080536674,0.0077570945,0.0077570945,-0.013659108,-0.013644949,-0.096251841,-0.096266067,-0.013659108,-0.013644949,-0.096251841,-0.096266067,1.1442308e-07,4.7975898e-08,-0.10991106,-0.10991106,-0.0081483932,-0.0080536194,0.0079564389,0.0080512127,-0.013659223,-0.013644997,-2.4422514e-08,-1.129423e-09,-0.0001492994,-0.0001492994,-0.00016008396,-0.00014677712,1.0760139e-05,-2.5234074e-06,-2.3034058e-06,-6.3836982e-08,-0.11035896,-0.11035896,0.4247817,0.42608828,-6.9097928,-6.9097928,0.46873898,0.4687381,-3.4256153,-3.4256153,-0.091061371,-0.090966597,-0.018849578,-0.018944419,-0.0016296786,-0.0016107239,-0.020430794,-0.020430794,4.4003066,4.4003066,-4.3188967,-4.318495,0.0011111661,0.0011111661,-1.3657869e-16,-1.4988648e-16,-2.4657624e-19,-3.4982818e-19,2.7097549e-16,3.9075074e-16,-3.784308e-18,-4.1714881e-18,8.2416332e-16,9.0447485e-16,6.8939794e-06,3.0189383e-09,1.7164625e-06,1.7164625e-06
0.017993304,0.01813433,-0.0079939707,-0.0081349966,0.0099993335,0.0099993335,0.11848163,0.11848163,0.10048833,0.1003473,0.027819175,0.02784145,-0.027942828,-0.027921667,0.027824139,0.027841452,-0.027941636,-0.027920475,-2.0777441e-06,-2.0379327e-06,-8.6602591e-19,-5.4542382e-19,9.2308452e-08,4.6872446e-08,-0.11005693,-0.11005693,-0.0010296412,-0.0010142791,-0.0010296412,-0.0010142791,-0.00021879827,-0.00021879827,0.021803436,0.021923347,-0.022234259,-0.022213098,0.0067947966,0.0069147073,-0.015073263,-0.015052102,0.015008639,0.015008639,-0.0071609963,-0.0071609963,-0.0082784662,-0.0081373949,0.0078476431,0.0078476431,-0.0082784662,-0.0081373949,0.0078476431,0.0078476431,-0.013809465,-0.01378835,-0.096247372,-0.096268533,-0.013809465,-0.01378835,-0.096247372,-0.096268533,9.2308459e-08,4.6872452e-08,-0.11005693,-0.11005693,-0.0082783739,-0.008137348,0.0079939707,0.0081349966,-0.013809558,-0.013788397,-2.211462e-08,-1.1034463e-09,-0.00014586552,-0.00014586552,-0.00015035693,-0.00014340125,4.4693011e-06,-2.465369e-06,-2.097039e-06,-6.2368733e-08,-0.11049453,-0.11049453,0.38893243,0.39011988,-6.9179214,-6.9179214,0.42917227,0.42917192,-3.429428,-3.429428,-0.092063625,-0.091922599,-0.017993212,-0.018134283,-0.0016556748,-0.0016274696,-0.020441857,-0.020441857,4.4061463,4.4061463,-4.3282665,-4.327667,0.0010856093,0.0010856093,-1.3790079e-16,-1.4987779e-16,-2.5219072e-19,-3.5027945e-19,2.7697708e-16,3.9076358e-16,-3.8149086e-18,-4.1634554e-18,8.3213956e-16,9.0441994e-16,6.8250399e-06,2.9887496e-09,1.6384132e-06,1.6384132e-06
0.017186515,0.017342827,-0.0080605423,-0.0082168535,0.0091259732,0.0091259732,0.11869934,0.11869934,0.10151282,0.10135651,0.028098803,0.028122902,-0.028224698,-0.028201247,0.028103717,0.028122904,-0.028223561,-0.02820011,-1.9854356e-06,-1.9910602e-06,-8.1747865e-19,-5.2895465e-19,7.3682004e-08,4.579438e-08,-0.11019944,-0.11019944,-0.00098534961,-0.00099095068,-0.00098534961,-0.00099095068,-0.00021376591,-0.00021376591,0.022012418,0.022145307,-0.022451845,-0.022428394,0.0068513983,0.0069842866,-0.015226934,-0.015203483,0.01516102,0.01516102,-0.0072249109,-0.0072249109,-0.0083755357,-0.0082191966,0.0079361092,0.0079361092,-0.0083755357,-0.0082191966,0.0079361092,0.0079361092,-0.013951876,-0.013928453,-0.09624749,-0.096270941,-0.013951876,-0.013928453,-0.09624749,-0.096270941,7.368201e-08,4.5794386e-08,-0.11019944,-0.11019944,-0.008375462,-0.0082191508,0.0080605423,0.0082168535,-0.01395195,-0.013928499,-1.8626449e-08,-1.078067e-09,-0.00014251061,-0.00014251061,-0.00014241073,-0.00014010302,-1.1850506e-07,-2.4086655e-06,-1.7703365e-06,-6.0934252e-08,-0.11062697,-0.11062697,0.35398085,0.35497875,-6.925863,-6.925863,0.39051574,0.39051575,-3.433153,-3.433153,-0.093012925,-0.092856613,-0.017186442,-0.017342781,-0.0016750924,-0.0016438302,-0.020452666,-0.020452666,4.4118517,4.4118517,-4.3373085,-4.3366421,0.0010606403,0.0010606403,-1.3909e-16,-1.498693e-16,-2.5753641e-19,-3.5072028e-19,2.8267769e-16,3.9077486e-16,-3.8418675e-18,-4.1556073e-18,8.3931394e-16,9.0436628e-16,6.7567897e-06,2.9588627e-09,1.5639129e-06,1.5639129e-06
0.01641879,0.016569528,-0.0081460895,-0.0082968277,0.0082727002,0.0082727002,0.11891203,0.11891203,0.10249324,0.1023425,0.028374516,0.028397881,-0.028497011,-0.028474398,0.028379381,0.028397883,-0.028495926,-0.028473313,-1.9117536e-06,-1.9452659e-06,-7.7252199e-19,-5.1286409e-19,5.8946738e-08,4.4741109e-08,-0.11033867,-0.11033867,-0.00094998213,-0.00096815881,-0.00094998213,-0.00096815881,-0.0002088493,-0.0002088493,0.022234022,0.022362161,-0.022661351,-0.022638738,0.006924126,0.0070522655,-0.015373995,-0.015351382,0.015309896,0.015309896,-0.0072873555,-0.0072873555,-0.0084498692,-0.0082991169,0.0080225405,0.0080225405,-0.0084498692,-0.0082991169,0.0080225405,0.0080225405,-0.014087932,-0.014065334,-0.096250682,-0.096273295,-0.014087932,-0.014065334,-0.096250682,-0.096273295,5.8946744e-08,4.4741115e-08,-0.11033867,-0.11033867,-0.0084498103,-0.0082990721,0.0081460895,0.0082968277,-0.014087991,-0.014065378,-1.4735266e-08,-1.0532715e-09,-0.00013923286,-0.00013923286,-0.00013605632,-0.00013688065,-3.1912782e-06,-2.3532662e-06,-1.3998446e-06,-5.9532765e-08,-0.11075637,-0.11075637,0.31986322,0.32064586,-6.9336219,-6.9336219,0.35274844,0.35274868,-3.4367923,-3.4367923,-0.093919883,-0.093769145,-0.016418731,-0.016569483,-0.0016899621,-0.0016598144,-0.020463227,-0.020463227,4.4174259,4.4174259,-4.3460688,-4.3454243,0.0010362455,0.0010362455,-1.4015963e-16,-1.4986101e-16,-2.626265e-19,-3.5115093e-19,2.8809238e-16,3.907847e-16,-3.8655539e-18,-4.1479396e-18,8.4576673e-16,9.0431384e-16,6.6892219e-06,2.9292747e-09,1.4928002e-06,1.4928002e-06
0.015681363,0.015814015,-0.0082423101,-0.0083749625,0.0074390524,0.0074390524,0.11911984,0.11911984,0.10343847,0.10330582,0.02864544,0.028666535,-0.028761167,-0.028741268,0.028650256,0.028666537,-0.028760131,-0.028740232,-1.8528069e-06,-1.9005247e-06,-7.3082581e-19,-4.9714347e-19,4.7980199e-08,4.3712063e-08,-0.1104747,-0.1104747,-0.00092160541,-0.00094589116,-0.00092160541,-0.00094589116,-0.00020404576,-0.00020404576,0.02246127,0.022574029,-0.022864142,-0.022844244,0.0070059228,0.0071186809,-0.015515778,-0.01549588,0.015455348,0.015455348,-0.0073483638,-0.0073483638,-0.0085098556,-0.008377199,0.0081069838,0.0081069838,-0.0085098556,-0.008377199,0.0081069838,0.0081069838,-0.01421896,-0.014199066,-0.096255695,-0.096275594,-0.01421896,-0.014199066,-0.096255695,-0.096275594,4.7980205e-08,4.371207e-08,-0.1104747,-0.1104747,-0.0085098077,-0.0083771553,0.0082423101,0.0083749625,-0.014219008,-0.01419911,-1.096654e-08,-1.0290462e-09,-0.00013603051,-0.00013603051,-0.00013102797,-0.0001337324,-5.0135015e-06,-2.2991411e-06,-1.0377073e-06,-5.8163513e-08,-0.1108828,-0.1108828,0.28653049,0.28710264,-6.9412024,-6.9412024,0.31584989,0.31585025,-3.440348,-3.440348,-0.094793341,-0.094660689,-0.015681315,-0.015813971,-0.0017019615,-0.0016754311,-0.020473544,-0.020473544,4.4228719,4.4228719,-4.3545861,-4.3540175,0.0010124119,0.0010124119,-1.4112166e-16,-1.498529e-16,-2.6747354e-19,-3.5157164e-19,2.9323546e-16,3.9079317e-16,-3.8863004e-18,-4.140448e-18,8.515702e-16,9.0426259e-16,6.6223297e-06,2.8999825e-09,1.4249211e-06,1.4249211e-06
0.014967391,0.015075879,-0.0083428121,-0.0084513001,0.0066245786,0.0066245786,0.11932286,0.11932286,0.10435547,0.10424698,0.02891093,0.02892901,-0.029018274,-0.029002001,0.028915698,0.028929012,-0.029017285,-0.029001012,-1.8048267e-06,-1.8568127e-06,-6.9209203e-19,-4.8178428e-19,4.0342916e-08,4.2706685e-08,-0.11060761,-0.11060761,-0.00089837904,-0.00092413566,-0.00089837904,-0.00092413566,-0.00019935271,-0.00019935271,0.02268881,0.022781023,-0.023061296,-0.023045023,0.007091356,0.0071835688,-0.015653327,-0.015637054,0.015597454,0.015597454,-0.007407969,-0.007407969,-0.0085619709,-0.0084534852,0.008189485,0.008189485,-0.0085619709,-0.0084534852,0.008189485,0.008189485,-0.014345998,-0.014329723,-0.096261567,-0.09627784,-0.014345998,-0.014329723,-0.096261567,-0.09627784,4.0342923e-08,4.2706692e-08,-0.11060761,-0.11060761,-0.0085619306,-0.0084534425,0.0083428121,0.0084513001,-0.014346038,-0.014329765,-7.6372829e-09,-1.0053782e-09,-0.00013290181,-0.00013290181,-0.00012703754,-0.00013065655,-5.8719034e-06,-2.2462609e-06,-7.1574809e-07,-5.6825752e-08,-0.11100631,-0.11100631,0.25394589,0.2543309,-6.9486086,-6.9486086,0.27980009,0.27980048,-3.4438218,-3.4438218,-0.095640215,-0.095531727,-0.01496735,-0.015075836,-0.0017123861,-0.0016906885,-0.020483624,-0.020483624,4.4281927,4.4281927,-4.3628916,-4.3624253,0.00098912641,0.00098912641,-1.4198686e-16,-1.4984497e-16,-2.7208945e-19,-3.5198263e-19,2.9812055e-16,3.9080037e-16,-3.9044074e-18,-4.1331287e-18,8.5678936e-16,9.0421251e-16,6.5561065e-06,2.8709833e-09,1.3601285e-06,1.3601285e-06
0.014271859,0.01435472,-0.0084430218,-0.008525882,0.0058288376,0.0058288376,0.11952122,0.11952122,0.10524936,0.1051665,0.029170561,0.029185448,-0.029269167,-0.029256739,0.029175282,0.02918545,-0.029268222,-0.029255794,-1.7644837e-06,-1.814106e-06,-6.560516e-19,-4.6677824e-19,3.5439558e-08,4.1724431e-08,-0.11073745,-0.11073745,-0.00087869792,-0.00090288054,-0.00087869792,-0.00090288054,-0.0001947676,-0.0001947676,0.02291283,0.022983256,-0.023253612,-0.023241184,0.0071765384,0.0072469643,-0.015787409,-0.015774981,0.015736292,0.015736292,-0.0074662033,-0.0074662033,-0.0086108708,-0.0085280169,0.0082700887,0.0082700887,-0.0086108708,-0.0085280169,0.0082700887,0.0082700887,-0.014469809,-0.014457374,-0.096267606,-0.096280035,-0.014469809,-0.014457374,-0.096267606,-0.096280035,3.5439564e-08,4.1724438e-08,-0.11073745,-0.11073745,-0.0086108354,-0.0085279752,0.0084430218,0.008525882,-0.014469844,-0.014457416,-4.9033591e-09,-9.8225449e-10,-0.00012984507,-0.00012984507,-0.00012381061,-0.00012765145,-6.0393612e-06,-2.1945969e-06,-4.49993e-07,-5.5518761e-08,-0.11112699,-0.11112699,0.22208229,0.22231292,-6.9558444,-6.9558444,0.24457948,0.24457986,-3.4472158,-3.4472158,-0.096465591,-0.096382731,-0.014271824,-0.014354678,-0.0017221671,-0.001705595,-0.020493472,-0.020493472,4.4333911,4.4333911,-4.3710086,-4.3706516,0.0009663765,0.0009663765,-1.4276493e-16,-1.4983723e-16,-2.7648557e-19,-3.5238413e-19,3.0276056e-16,3.9080639e-16,-3.9201465e-18,-4.1259776e-18,8.6148274e-16,9.0416357e-16,6.4905454e-06,2.8422739e-09,1.2982821e-06,1.2982821e-06
0.013591349,0.013650147,-0.0085399501,-0.0085987486,0.0050513987,0.0050513987,0.11971501,0.11971501,0.10612366,0.10606487,0.029424102,0.029435988,-0.029514436,-0.029505618,0.029428775,0.02943599,-0.029513535,-0.029504717,-1.7290442e-06,-1.7723815e-06,-6.2246171e-19,-4.5211722e-19,3.2634862e-08,4.0764769e-08,-0.11086431,-0.11086431,-0.0008612586,-0.00088211429,-0.0008612586,-0.00088211429,-0.00019028794,-0.00019028794,0.023130866,0.023180838,-0.023441653,-0.023432834,0.0072589298,0.0073089016,-0.015918554,-0.015909736,0.015871937,0.015871937,-0.0075230981,-0.0075230981,-0.0086596247,-0.0086008343,0.0083488384,0.0083488384,-0.0086596247,-0.0086008343,0.0083488384,0.0083488384,-0.014590916,-0.01458209,-0.09627336,-0.096282179,-0.014590916,-0.01458209,-0.09627336,-0.096282179,3.2634869e-08,4.0764776e-08,-0.11086431,-0.11086431,-0.008659592,-0.0086007935,0.0085399501,0.0085987486,-0.014590949,-0.01458213,-2.804696e-09,-9.5966264e-10,-0.00012685863,-0.00012685863,-0.00012110778,-0.00012471547,-5.7536553e-06,-2.1441211e-06,-2.4503004e-07,-5.424183e-08,-0.11124488,-0.11124488,0.19091967,0.19103135,-6.9629138,-6.9629138,0.21016898,0.21016932,-3.4505317,-3.4505317,-0.09727296,-0.097214162,-0.013591316,-0.013650107,-0.0017319184,-0.0017201587,-0.020503094,-0.020503094,4.4384699,4.4384699,-4.378954,-4.3787,0.00094414984,0.00094414984,-1.434646e-16,-1.4982966e-16,-2.8067265e-19,-3.5277636e-19,3.0716776e-16,3.908113e-16,-3.9337633e-18,-4.1189909e-18,8.65703e-16,9.0411575e-16,6.42564e-06,2.8138517e-09,1.2392479e-06,1.2392479e-06
0.012923733,0.01296178,-0.0086318921,-0.0086699392,0.0042918409,0.0042918409,0.11990435,0.11990435,0.10698062,0.10694257,0.029671473,0.029680766,-0.02975448,-0.029748774,0.0296761,0.029680768,-0.029753619,-0.029747914,-1.6964093e-06,-1.7316168e-06,-5.9110325e-19,-4.377933e-19,3.1330059e-08,3.9827179e-08,-0.11098825,-0.11098825,-0.00084507165,-0.00086182566,-0.00084507165,-0.00086182566,-0.00018591132,-0.00018591132,0.023341543,0.023373876,-0.023625782,-0.023620076,0.0073370816,0.0073694144,-0.016047097,-0.016041391,0.016004461,0.016004461,-0.0075786844,-0.0075786844,-0.0087100155,-0.0086719769,0.008425777,0.008425777,-0.0087100155,-0.0086719769,0.008425777,0.008425777,-0.014709651,-0.014703937,-0.096278568,-0.096284273,-0.014709651,-0.014703937,-0.096278568,-0.096284273,3.1330066e-08,3.9827186e-08,-0.11098825,-0.11098825,-0.0087099842,-0.0086719371,0.0086318921,0.0086699392,-0.014709682,-0.014703976,-1.3048035e-09,-9.3759041e-10,-0.00012394088,-0.00012394088,-0.00011873461,-0.00012184701,-5.207573e-06,-2.0948063e-06,-9.784549e-08,-5.2994269e-08,-0.11136007,-0.11136007,0.16044282,0.16046926,-6.9698206,-6.9698206,0.17654994,0.17655021,-3.4537713,-3.4537713,-0.098064517,-0.09802647,-0.012923702,-0.01296174,-0.0017419968,-0.0017343874,-0.020512495,-0.020512495,4.4434319,4.4434319,-4.3867388,-4.3865741,0.00092243439,0.00092243439,-1.4409371e-16,-1.4982227e-16,-2.8466092e-19,-3.5315954e-19,3.113538e-16,3.9081517e-16,-3.9454798e-18,-4.1121648e-18,8.6949754e-16,9.0406903e-16,6.3613836e-06,2.7857137e-09,1.1828981e-06,1.1828981e-06
0.012267868,0.012289245,-0.0087181155,-0.0087394924,0.003549753,0.003549753,0.12008933,0.12008933,0.10782146,0.10780009,0.029912713,0.029919914,-0.029989543,-0.029986338,0.029917293,0.029919916,-0.029988722,-0.029985517,-1.6650792e-06,-1.6917896e-06,-5.6177852e-19,-4.2379875e-19,3.1007154e-08,3.8911154e-08,-0.11110934,-0.11110934,-0.00082943891,-0.00084200367,-0.00082943891,-0.00084200367,-0.00018163536,-0.00018163536,0.02354431,0.023562474,-0.023806216,-0.023803011,0.0074103718,0.0074285354,-0.016173224,-0.016170019,0.016133938,0.016133938,-0.0076329922,-0.0076329922,-0.0087628522,-0.0087414833,0.0085009459,0.0085009459,-0.0087628522,-0.0087414833,0.0085009459,0.0085009459,-0.014826194,-0.014822981,-0.096283115,-0.09628632,-0.014826194,-0.014822981,-0.096283115,-0.09628632,3.1007161e-08,3.8911161e-08,-0.11110934,-0.11110934,-0.0087628212,-0.0087414443,0.0087181155,0.0087394924,-0.014826225,-0.01482302,-3.2290507e-10,-9.1602583e-10,-0.00012109024,-0.00012109024,-0.00011654349,-0.00011904453,-4.5470734e-06,-2.0466258e-06,-9.6044564e-10,-5.1775401e-08,-0.11147261,-0.11147261,0.13063956,0.13061009,-6.9765685,-6.9765685,0.14370414,0.14370435,-3.4569364,-3.4569364,-0.098841472,-0.098820095,-0.012267837,-0.012289206,-0.0017525642,-0.0017482889,-0.020521679,-0.020521679,4.4482797,4.4482797,-4.3943702,-4.3942774,0.0009012184,0.0009012184,-1.4465934e-16,-1.4981504e-16,-2.8846009e-19,-3.5353386e-19,3.1532978e-16,3.9081807e-16,-3.9554967e-18,-4.1054956e-18,8.7290903e-16,9.0402336e-16,6.2977697e-06,2.757857e-09,1.1291105e-06,1.1291105e-06
0.011623304,0.011632179,-0.008798571,-0.0088074458,0.002824733,0.002824733,0.12027006,0.12027006,0.10864675,0.10863788,0.030147941,0.030153561,-0.03021977,-0.030218439,0.030152475,0.030153563,-0.030218986,-0.030217656,-1.6340721e-06,-1.6528784e-06,-5.3430909e-19,-4.1012599e-19,3.1248822e-08,3.8016197e-08,-0.11122765,-0.11122765,-0.00081391116,-0.00082263759,-0.00081391116,-0.00082263759,-0.00017745775,-0.00017745775,0.023739196,0.023746734,-0.023983069,-0.023981739,0.0074787587,0.0074862967,-0.016297018,-0.016295688,0.016260437,0.016260437,-0.0076860509,-0.0076860509,-0.0088182591,-0.0088093909,0.0085743859,0.0085743859,-0.0088182591,-0.0088093909,0.0085743859,0.0085743859,-0.014940625,-0.014939288,-0.096286989,-0.09628832,-0.014940625,-0.014939288,-0.096286989,-0.09628832,3.1248829e-08,3.8016204e-08,-0.11122765,-0.11122765,-0.0088182278,-0.0088093529,0.008798571,0.0088074458,-0.014940656,-0.014939326,2.4166733e-10,-8.9495724e-10,-0.00011830516,-0.00011830516,-0.00011443025,-0.00011630651,-3.8746742e-06,-1.9995534e-06,5.5173889e-08,-5.0584568e-08,-0.11158256,-0.11158256,0.10149929,0.10143769,-6.9831612,-6.9831612,0.11161379,0.11161394,-3.4600287,-3.4600287,-0.099604341,-0.099595466,-0.011623273,-0.011632141,-0.0017636456,-0.0017618706,-0.020530652,-0.020530652,4.4530161,4.4530161,-4.401852,-4.4018134,0.00088049038,0.00088049038,-1.4516785e-16,-1.4980798e-16,-2.9207939e-19,-3.5389955e-19,3.191062e-16,3.9082008e-16,-3.9639952e-18,-4.0989797e-18,8.7597585e-16,9.0397875e-16,6.234792e-06,2.7302789e-09,1.0777687e-06,1.0777687e-06
0.010990033,0.010990225,-0.0088736443,-0.0088738364,0.0021163885,0.0021163885,0.12044663,0.12044663,0.1094566,0.1094564,0.030377325,0.030381835,-0.030445231,-0.030445203,0.030381814,0.030381837,-0.030444483,-0.030444455,-1.6028233e-06,-1.6148622e-06,-5.0853391e-19,-3.9676763e-19,3.1741103e-08,3.7141825e-08,-0.11134323,-0.11134323,-0.00079823752,-0.00080371692,-0.00079823752,-0.00080371692,-0.00017337622,-0.00017337622,0.023926597,0.023926756,-0.024156383,-0.024156355,0.0075425707,0.0075427294,-0.016418494,-0.016418466,0.016384026,0.016384026,-0.0077378893,-0.0077378893,-0.0088759235,-0.0088757368,0.0086461369,0.0086461369,-0.0088759235,-0.0088757368,0.0086461369,0.0086461369,-0.015052953,-0.015052919,-0.096290245,-0.096290273,-0.015052953,-0.015052919,-0.096290245,-0.096290273,3.174111e-08,3.7141832e-08,-0.11134323,-0.11134323,-0.0088758917,-0.0088756996,0.0088736443,0.0088738364,-0.015052984,-0.015052956,4.9228065e-10,-8.7437323e-10,-0.00011558415,-0.00011558415,-0.00011232788,-0.00011363146,-3.2557781e-06,-1.9535637e-06,8.0476889e-08,-4.9421124e-08,-0.11168998,-0.11168998,0.073011987,0.072936246,-6.9896023,-6.9896023,0.080261508,0.080261606,-3.4630499,-3.4630499,-0.1003532,-0.100353,-0.010990001,-0.010990188,-0.0017751783,-0.0017751399,-0.020539419,-0.020539419,4.4576435,4.4576435,-4.4091864,-4.4091856,0.0008602391,0.0008602391,-1.4562496e-16,-1.4980108e-16,-2.9552758e-19,-3.542568e-19,3.2269306e-16,3.9082125e-16,-3.9711387e-18,-4.0926136e-18,8.7873254e-16,9.0393515e-16,6.1724441e-06,2.7029765e-09,1.0287615e-06,1.0287615e-06
0.010368296,0.010363036,-0.0089439599,-0.0089387,0.0014243359,0.0014243359,0.12061914,0.12061914,0.11025084,0.1102561,0.030601062,0.030604858,-0.030665963,-0.030666752,0.030605506,0.03060486,-0.030665248,-0.030666038,-1.5710821e-06,-1.5777204e-06,-4.8430756e-19,-3.8371644e-19,3.2265085e-08,3.6287562e-08,-0.11145616,-0.11145616,-0.00078231456,-0.00078523143,-0.00078231456,-0.00078523143,-0.00016938857,-0.00016938857,0.024107111,0.024102637,-0.024326167,-0.024326956,0.0076023385,0.0075978641,-0.016537631,-0.016538421,0.016504773,0.016504773,-0.0077885354,-0.0077885354,-0.0089352927,-0.0089405566,0.0087162375,0.0087162375,-0.0089352927,-0.0089405566,0.0087162375,0.0087162375,-0.015163151,-0.015163937,-0.096292971,-0.096292182,-0.015163151,-0.015163937,-0.096292971,-0.096292182,3.2265092e-08,3.628757e-08,-0.11145616,-0.11145616,-0.0089352604,-0.0089405203,0.0089439599,0.0089387,-0.015163184,-0.015163973,5.2398123e-10,-8.5426264e-10,-0.00011292571,-0.00011292571,-0.00011019896,-0.00011101793,-2.7262264e-06,-1.9086317e-06,8.4139228e-08,-4.8284439e-08,-0.11179493,-0.11179493,0.045167593,0.045090339,-6.9958953,-6.9958953,0.049630324,0.049630378,-3.4660016,-3.4660016,-0.10108786,-0.10109312,-0.010368264,-0.010363,-0.0017870521,-0.0017881041,-0.020547984,-0.020547984,4.4621645,4.4621645,-4.4163742,-4.4163972,0.0008404536,0.0008404536,-1.4603583e-16,-1.4979434e-16,-2.9881299e-19,-3.5460581e-19,3.2609987e-16,3.9082164e-16,-3.9770744e-18,-4.0863939e-18,8.812102e-16,9.0389255e-16,6.1107197e-06,2.6759471e-09,9.8198271e-07,9.8198271e-07
0.0097584344,0.0097502722,-0.0090102339,-0.0090020717,0.00074820057,0.00074820057,0.12078768,0.12078768,0.11102925,0.11103741,0.030819356,0.030822752,-0.030881981,-0.030883206,0.030823756,0.030822754,-0.0308813,-0.030882525,-1.5388171e-06,-1.5414328e-06,-4.6149868e-19,-3.7096538e-19,3.268249e-08,3.5452948e-08,-0.11156648,-0.11156648,-0.00076614028,-0.00076717111,-0.00076614028,-0.00076717111,-0.00016549263,-0.00016549263,0.024281413,0.024274473,-0.024492408,-0.024493633,0.007658671,0.0076517308,-0.016654392,-0.016655616,0.016622742,0.016622742,-0.0078380166,-0.0078380166,-0.0089957207,-0.0090038856,0.0087847259,0.0087847259,-0.0089957207,-0.0090038856,0.0087847259,0.0087847259,-0.01527118,-0.015272402,-0.096295271,-0.096294047,-0.01527118,-0.015272402,-0.096295271,-0.096294047,3.2682497e-08,3.5452955e-08,-0.11156648,-0.11156648,-0.008995688,-0.0090038502,0.0090102339,0.0090020717,-0.015271212,-0.015272437,4.1740475e-10,-8.3461461e-10,-0.00011032842,-0.00011032842,-0.00010802811,-0.00010846452,-2.2998882e-06,-1.8647332e-06,7.4005561e-08,-4.7173897e-08,-0.11189747,-0.11189747,0.017955608,0.017884888,-7.0020435,-7.0020435,0.019703647,0.01970367,-3.4688855,-3.4688855,-0.10180805,-0.10181621,-0.0097584018,-0.0097502368,-0.0017991376,-0.00180077,-0.020556352,-0.020556352,4.4665815,4.4665815,-4.4234159,-4.4234517,0.00082112317,0.00082112317,-1.4640509e-16,-1.4978775e-16,-3.0194355e-19,-3.5494676e-19,3.2933562e-16,3.9082131e-16,-3.9819349e-18,-4.0803172e-18,8.8343681e-16,9.0385092e-16,6.0496125e-06,2.649188e-09,9.3733097e-07,9.3733097e-07
0.00916079,0.0091516022,-0.0090731737,-0.0090639858,8.7616316e-05,8.7616316e-05,0.12095234,0.12095234,0.11179155,0.11180074,0.031032408,0.031035634,-0.031093304,-0.031094683,0.031036764,0.031035636,-0.031092654,-0.031094032,-1.5061346e-06,-1.5059799e-06,-4.3998858e-19,-3.5850753e-19,3.2918852e-08,3.463753e-08,-0.11167427,-0.11167427,-0.00074977539,-0.00074952618,-0.00074977539,-0.00074952618,-0.0001616863,-0.0001616863,0.024450168,0.024442357,-0.024655098,-0.024656476,0.0077121697,0.0077043585,-0.016768738,-0.016770117,0.016737999,0.016737999,-0.0078863597,-0.0078863597,-0.0090565685,-0.0090657581,0.008851639,0.008851639,-0.0090565685,-0.0090657581,0.008851639,0.008851639,-0.015376995,-0.015378371,-0.096297247,-0.096295868,-0.015376995,-0.015378371,-0.096297247,-0.096295868,3.2918859e-08,3.4637538e-08,-0.11167427,-0.11167427,-0.0090565355,-0.0090657234,0.0090731737,0.0090639858,-0.015377028,-0.015378406,2.3636094e-10,-8.1541847e-10,-0.00010779087,-0.00010779087,-0.00010581509,-0.00010596984,-1.9755384e-06,-1.8218443e-06,5.6318585e-08,-4.6088898e-08,-0.11199765,-0.11199765,-0.0086350558,-0.0086948368,-7.0080503,-7.0080503,-0.0095347258,-0.009534725,-3.4717029,-3.4717029,-0.10251348,-0.10252267,-0.0091607571,-0.0091515675,-0.0018113071,-0.0018131447,-0.020564527,-0.020564527,4.470897,4.470897,-4.4303118,-4.4303521,0.00080223734,0.00080223734,-1.4673692e-16,-1.4978132e-16,-3.0492677e-19,-3.5527984e-19,3.3240891e-16,3.9082031e-16,-3.9858391e-18,-4.0743802e-18,8.8543755e-16,9.0381025e-16,5.9891164e-06,2.6226965e-09,8.9470959e-07,8.9470959e-07
0.0085756414,0.0085667015,-0.0091334159,-0.009124476,-0.0005577745,-0.0005577745,0.12111322,0.12111322,0.11253758,0.11254652,0.031240407,0.03124362,-0.031299955,-0.031301296,0.031244719,0.031243622,-0.031299334,-0.031300675,-1.4732157e-06,-1.4713423e-06,-4.1966994e-19,-3.4633617e-19,3.2946804e-08,3.3840867e-08,-0.11177959,-0.11177959,-0.00073331317,-0.00073228707,-0.00073331317,-0.00073228707,-0.00015796751,-0.00015796751,0.02461398,0.02460638,-0.024814233,-0.024815574,0.0077633755,0.0077557758,-0.016880642,-0.016881983,0.016850604,0.016850604,-0.007933591,-0.007933591,-0.0091172666,-0.0091262074,0.0089170131,0.0089170131,-0.0091172666,-0.0091262074,0.0089170131,0.0089170131,-0.015480564,-0.015481904,-0.096298989,-0.096297648,-0.015480564,-0.015481904,-0.096298989,-0.096297648,3.2946811e-08,3.3840874e-08,-0.11177959,-0.11177959,-0.0091172337,-0.0091261736,0.0091334159,0.009124476,-0.015480597,-0.015481938,2.7951618e-11,-7.9666385e-10,-0.00010531168,-0.00010531168,-0.00010356903,-0.00010353253,-1.7426224e-06,-1.7799419e-06,3.5714014e-08,-4.5028854e-08,-0.11209552,-0.11209552,-0.034616082,-0.034663228,-7.0139189,-7.0139189,-0.038100623,-0.038100636,-3.4744556,-3.4744556,-0.10320394,-0.10321288,-0.0085756084,-0.0085666676,-0.0018234467,-0.0018252347,-0.020572515,-0.020572515,4.4751131,4.4751131,-4.4370625,-4.4371018,0.00078378588,0.00078378588,-1.4703507e-16,-1.4977503e-16,-3.077698e-19,-3.5560524e-19,3.3532786e-16,3.9081869e-16,-3.988894e-18,-4.0685797e-18,8.8723508e-16,9.0377051e-16,5.9292252e-06,2.5964699e-09,8.5402625e-07,8.5402625e-07
0.0080031725,0.0079952535,-0.0091914938,-0.0091835748,-0.0011883213,-0.0011883213,0.1212704,0.1212704,0.11326723,0.11327515,0.031443527,0.031446822,-0.03150197,-0.031503157,0.031447796,0.031446824,-0.031501377,-0.031502565,-1.4402689e-06,-1.4375014e-06,-4.004457e-19,-3.3444471e-19,3.2771067e-08,3.3062527e-08,-0.11188248,-0.11188248,-0.00071685734,-0.00071544447,-0.00071685734,-0.00071544447,-0.00015433426,-0.00015433426,0.024773361,0.02476663,-0.024969825,-0.024971013,0.0078127419,0.0078060105,-0.016990089,-0.016991277,0.01696062,0.01696062,-0.0079797359,-0.0079797359,-0.0091773472,-0.0091852665,0.0089808836,0.0089808836,-0.0091773472,-0.0091852665,0.0089808836,0.0089808836,-0.015581868,-0.015583055,-0.096300575,-0.096299387,-0.015581868,-0.015583055,-0.096300575,-0.096299387,3.2771074e-08,3.3062534e-08,-0.11188248,-0.11188248,-0.0091773145,-0.0091852334,0.0091914938,0.0091835748,-0.0155819,-0.015583088,-1.7573733e-10,-7.7834059e-10,-0.00010288951,-0.00010288951,-0.00010130391,-0.00010115128,-1.5857681e-06,-1.7390032e-06,1.5373071e-08,-4.3993192e-08,-0.11219114,-0.11219114,-0.059999672,-0.060034347,-7.0196526,-7.0196526,-0.066009511,-0.066009532,-3.477145,-3.477145,-0.1038793,-0.10388722,-0.0080031397,-0.0079952204,-0.0018354629,-0.0018370467,-0.020580318,-0.020580318,4.4792323,4.4792323,-4.4436689,-4.4437038,0.0007657588,0.0007657588,-1.4730292e-16,-1.4976888e-16,-3.1047946e-19,-3.5592313e-19,3.381002e-16,3.9081649e-16,-3.9911956e-18,-4.0629126e-18,8.8884979e-16,9.0373168e-16,5.8699329e-06,2.5705055e-09,8.1519283e-07,8.1519283e-07
0.007443462,0.0074369489,-0.0092478276,-0.0092413144,-0.0018043656,-0.0018043656,0.12142396,0.12142396,0.1139805,0.11398701,0.031641925,0.031645351,-0.0316994,-0.031700377,0.031646152,0.031645352,-0.031698834,-0.031699811,-1.4074978e-06,-1.4044389e-06,-3.8222799e-19,-3.2282671e-19,3.2415944e-08,3.2302088e-08,-0.111983,-0.111983,-0.00070050731,-0.00069898925,-0.00070050731,-0.00069898925,-0.00015078457,-0.00015078457,0.024928731,0.024923194,-0.0251219,-0.025122876,0.0078606259,0.0078550898,-0.01709708,-0.017098057,0.017068105,0.017068105,-0.0080248195,-0.0080248195,-0.0092364541,-0.0092429672,0.0090432851,0.0090432851,-0.0092364541,-0.0092429672,0.0090432851,0.0090432851,-0.015680903,-0.01568188,-0.096302063,-0.096301086,-0.015680903,-0.01568188,-0.096302063,-0.096301086,3.2415952e-08,3.2302096e-08,-0.111983,-0.111983,-0.0092364217,-0.0092429349,0.0092478276,0.0092413144,-0.015680935,-0.015681912,-3.5512297e-10,-7.6043876e-10,-0.00010052305,-0.00010052305,-9.9035328e-05,-9.8824803e-05,-1.488075e-06,-1.6990062e-06,-2.7412303e-09,-4.2981349e-08,-0.11228457,-0.11228457,-0.084798418,-0.08482193,-7.0252544,-7.0252544,-0.0932765,-0.093276523,-3.4797725,-3.4797725,-0.10453954,-0.10454605,-0.0074434296,-0.0074369165,-0.0018472843,-0.001848587,-0.020587943,-0.020587943,4.4832568,4.4832568,-4.4501324,-4.4501612,0.00074814635,0.00074814635,-1.4754351e-16,-1.4976287e-16,-3.130622e-19,-3.5623369e-19,3.4073329e-16,3.9081376e-16,-3.9928299e-18,-4.0573759e-18,8.9030004e-16,9.0369374e-16,5.8112336e-06,2.5448008e-09,7.7812519e-07,7.7812519e-07
0.0068964879,0.0068914852,-0.0093027287,-0.009297726,-0.0024062408,-0.0024062408,0.12157399,0.12157399,0.11467751,0.11468251,0.031835745,0.031839313,-0.031892311,-0.031893061,0.031839929,0.031839315,-0.031891771,-0.031892521,-1.3750819e-06,-1.3721368e-06,-3.6493727e-19,-3.1147589e-19,3.1915603e-08,3.155914e-08,-0.11208121,-0.11208121,-0.00068434937,-0.0006829125,-0.00068434937,-0.0006829125,-0.00014731653,-0.00014731653,0.02508041,0.025076158,-0.025270497,-0.025271247,0.0079072922,0.0079030403,-0.017201631,-0.017202381,0.017173118,0.017173118,-0.0080688662,-0.0080688662,-0.0092943384,-0.0092993407,0.0091042513,0.0091042513,-0.0092943384,-0.0092993407,0.0091042513,0.0091042513,-0.015777681,-0.015778432,-0.096303497,-0.096302746,-0.015777681,-0.015778432,-0.096303497,-0.096302746,3.191561e-08,3.1559148e-08,-0.11208121,-0.11208121,-0.0092943065,-0.0092993092,0.0093027287,0.009297726,-0.015777713,-0.015778463,-5.0034197e-10,-7.4294867e-10,-9.8211018e-05,-9.8211018e-05,-9.6778197e-05,-9.6551832e-05,-1.4333214e-06,-1.659929e-06,-1.7618253e-08,-4.1992779e-08,-0.11237584,-0.11237584,-0.10902515,-0.1090394,-7.0307273,-7.0307273,-0.11991635,-0.11991637,-3.4823396,-3.4823396,-0.10518472,-0.10518972,-0.0068964559,-0.0068914536,-0.0018588613,-0.0018598618,-0.020595392,-0.020595392,4.4871887,4.4871887,-4.4564548,-4.4564769,0.00073093898,0.00073093898,-1.4775958e-16,-1.4975701e-16,-3.1552418e-19,-3.5653709e-19,3.4323409e-16,3.9081054e-16,-3.9938739e-18,-4.0519664e-18,8.9160234e-16,9.0365667e-16,5.7531213e-06,2.5193531e-09,7.4274306e-07,7.4274306e-07
0.0063621402,0.0063585672,-0.0093564131,-0.0093528401,-0.0029942729,-0.0029942729,0.12172057,0.12172057,0.11535843,0.11536201,0.032025112,0.032028814,-0.032080778,-0.032081314,0.032029254,0.032028816,-0.032080263,-0.032080798,-1.3431663e-06,-1.3405777e-06,-3.4850145e-19,-3.0038611e-19,3.1307035e-08,3.083328e-08,-0.11217716,-0.11217716,-0.00066845242,-0.00066720551,-0.00066845242,-0.00066720551,-0.00014392825,-0.00014392825,0.02522864,0.025225603,-0.02541567,-0.025416205,0.0079529245,0.0079498879,-0.01730377,-0.017304306,0.017275715,0.017275715,-0.0081118998,-0.0081118998,-0.0093508452,-0.0093544177,0.0091638154,0.0091638154,-0.0093508452,-0.0093544177,0.0091638154,0.0091638154,-0.015872227,-0.015872763,-0.096304904,-0.096304368,-0.015872227,-0.015872763,-0.096304904,-0.096304368,3.1307043e-08,3.0833287e-08,-0.11217716,-0.11217716,-0.0093508139,-0.0093543869,0.0093564131,0.0093528401,-0.015872258,-0.015872794,-6.0856755e-10,-7.2586085e-10,-9.5952165e-05,-9.5952165e-05,-9.4545494e-05,-9.433114e-05,-1.4072792e-06,-1.6217506e-06,-2.8941152e-08,-4.1026945e-08,-0.11246502,-0.11246502,-0.13269279,-0.13269987,-7.0360744,-7.0360744,-0.14594349,-0.14594351,-3.4848477,-3.4848477,-0.10581502,-0.10581859,-0.0063621089,-0.0063585364,-0.0018701628,-0.0018708774,-0.020602669,-0.020602669,4.4910301,4.4910301,-4.4626382,-4.462654,0.00071412739,0.00071412739,-1.4795359e-16,-1.4975127e-16,-3.1787123e-19,-3.5683349e-19,3.4560925e-16,3.9080688e-16,-3.9943969e-18,-4.0466813e-18,8.9277155e-16,9.0362045e-16,5.6955901e-06,2.4941598e-09,7.0896979e-07,7.0896979e-07
0.0058402386,0.0058379063,-0.0094090189,-0.0094066866,-0.0035687803,-0.0035687803,0.12186378,0.12186378,0.11602354,0.11602588,0.032210144,0.032213957,-0.032264888,-0.032265238,0.032214245,0.032213959,-0.032264396,-0.032264746,-1.3118592e-06,-1.3097444e-06,-3.3285518e-19,-2.8955137e-19,3.0625387e-08,3.0124114e-08,-0.11227091,-0.11227091,-0.00065286707,-0.00065185978,-0.00065286707,-0.00065185978,-0.0001406179,-0.0001406179,0.025373593,0.025371611,-0.02555748,-0.02555783,0.00799764,0.007995658,-0.017403536,-0.017403886,0.017375953,0.017375953,-0.0081539437,-0.0081539437,-0.0094058961,-0.0094082279,0.0092220094,0.0092220094,-0.0094058961,-0.0094082279,0.0092220094,0.0092220094,-0.015964574,-0.015964925,-0.096306302,-0.096305953,-0.015964574,-0.015964925,-0.096306302,-0.096305953,3.0625395e-08,3.0124122e-08,-0.11227091,-0.11227091,-0.0094058655,-0.0094081978,0.0094090189,0.0094066866,-0.015964605,-0.015964955,-6.8164907e-10,-7.0916606e-10,-9.3745265e-05,-9.3745265e-05,-9.2347603e-05,-9.2161524e-05,-1.398344e-06,-1.5844504e-06,-3.6857872e-08,-4.0083326e-08,-0.11255214,-0.11255214,-0.15581424,-0.15581614,-7.0412985,-7.0412985,-0.171372,-0.17137202,-3.487298,-3.487298,-0.10643067,-0.106433,-0.005840208,-0.0058378762,-0.0018811731,-0.0018816396,-0.02060978,-0.02060978,4.4947832,4.4947832,-4.4686851,-4.4686954,0.00069770246,0.00069770246,-1.4812776e-16,-1.4974567e-16,-3.2010891e-19,-3.5712305e-19,3.4786505e-16,3.9080279e-16,-3.9944606e-18,-4.0415177e-18,8.9382105e-16,9.0358506e-16,5.6386342e-06,2.4692185e-09,6.7673223e-07,6.7673223e-07
0.0053305507,0.0053292207,-0.0094606246,-0.0094592946,-0.0041300739,-0.0041300739,0.1220037,0.1220037,0.11667315,0.11667448,0.032390946,0.032394841,-0.032444732,-0.032444932,0.032395006,0.032394843,-0.032444262,-0.032444462,-1.2812338e-06,-1.2796203e-06,-3.1793918e-19,-2.789658e-19,2.9901205e-08,2.9431259e-08,-0.1123625,-0.1123625,-0.00063762679,-0.00063686701,-0.00063762679,-0.00063686701,-0.00013738369,-0.00013738369,0.025515391,0.025514261,-0.025695997,-0.025696196,0.0080415055,0.0080403754,-0.017500976,-0.017501176,0.017473886,0.017473886,-0.0081950205,-0.0081950205,-0.0094594709,-0.0094608005,0.009278865,0.009278865,-0.0094594709,-0.0094608005,0.009278865,0.009278865,-0.016054766,-0.016054966,-0.0963077,-0.096307501,-0.016054766,-0.016054966,-0.0963077,-0.096307501,2.9901213e-08,2.9431267e-08,-0.1123625,-0.1123625,-0.009459441,-0.009460771,0.0094606246,0.0094592946,-0.016054796,-0.016054996,-7.2418221e-10,-6.9285524e-10,-9.1589124e-05,-9.1589124e-05,-9.0192173e-05,-9.0041809e-05,-1.3976752e-06,-1.548008e-06,-4.1792834e-08,-3.9161411e-08,-0.11263726,-0.11263726,-0.17840227,-0.17840074,-7.0464024,-7.0464024,-0.19621566,-0.19621567,-3.489692,-3.489692,-0.10703195,-0.10703328,-0.0053305208,-0.0053291912,-0.0018918882,-0.0018921542,-0.020616726,-0.020616726,4.49845,4.49845,-4.474598,-4.4746039,0.0006816553,0.0006816553,-1.4828407e-16,-1.497402e-16,-3.2224251e-19,-3.5740594e-19,3.5000747e-16,3.9079833e-16,-3.9941205e-18,-4.0364729e-18,8.9476287e-16,9.0355048e-16,5.5822478e-06,2.4445266e-09,6.4596054e-07,6.4596054e-07
0.0048328088,0.0048322348,-0.0095112667,-0.0095106926,-0.0046784579,-0.0046784579,0.12214039,0.12214039,0.11730758,0.11730816,0.032567618,0.032571565,-0.032620407,-0.032620493,0.032571638,0.032571567,-0.032619959,-0.032620045,-1.2513326e-06,-1.250189e-06,-3.0369964e-19,-2.6862367e-19,2.915917e-08,2.875434e-08,-0.11245198,-0.11245198,-0.00062275039,-0.00062221907,-0.00062275039,-0.00062221907,-0.00013422386,-0.00013422386,0.025654117,0.02565363,-0.025831295,-0.025831381,0.0080845519,0.0080840643,-0.017596142,-0.017596228,0.017569566,0.017569566,-0.0082351526,-0.0082351526,-0.0095115902,-0.0095121639,0.0093344129,0.0093344129,-0.0095115902,-0.0095121639,0.0093344129,0.0093344129,-0.016142851,-0.016142937,-0.096309099,-0.096309013,-0.016142851,-0.016142937,-0.096309099,-0.096309013,2.9159178e-08,2.8754348e-08,-0.11245198,-0.11245198,-0.009511561,-0.0095121351,0.0095112667,0.0095106926,-0.01614288,-0.016142966,-7.4203524e-10,-6.7691957e-10,-8.9482574e-05,-8.9482574e-05,-8.80843e-05,-8.7970847e-05,-1.3990161e-06,-1.5124038e-06,-4.430232e-08,-3.8260699e-08,-0.11272043,-0.11272043,-0.20046942,-0.2004659,-7.051389,-7.051389,-0.22048791,-0.22048792,-3.492031,-3.492031,-0.10761917,-0.10761974,-0.0048327797,-0.004832206,-0.0019023122,-0.001902427,-0.020623513,-0.020623513,4.5020325,4.5020325,-4.4803797,-4.4803822,0.00066597723,0.00066597723,-1.4842434e-16,-1.4973485e-16,-3.2427704e-19,-3.576823e-19,3.5204221e-16,3.9079352e-16,-3.993426e-18,-4.0315441e-18,8.9560785e-16,9.0351669e-16,5.5264253e-06,2.4200816e-09,6.1658806e-07,6.1658806e-07
0.0043467249,0.0043466795,-0.0095609539,-0.0095609085,-0.005214229,-0.005214229,0.12227395,0.12227395,0.11792722,0.11792727,0.032740253,0.032744225,-0.03279201,-0.032792017,0.032744232,0.032744227,-0.032791582,-0.032791589,-1.2221734e-06,-1.2214347e-06,-2.9008768e-19,-2.5851939e-19,2.8417867e-08,2.809299e-08,-0.1125394,-0.1125394,-0.00060824493,-0.00060790803,-0.00060824493,-0.00060790803,-0.00013113671,-0.00013113671,0.025789832,0.025789793,-0.025963449,-0.025963456,0.0081267867,0.0081267484,-0.017689087,-0.017689094,0.017663045,0.017663045,-0.0082743616,-0.0082743616,-0.0095623008,-0.0095623459,0.0093886832,0.0093886832,-0.0095623008,-0.0095623459,0.0093886832,0.0093886832,-0.016228878,-0.016228885,-0.096310497,-0.096310491,-0.016228878,-0.016228885,-0.096310497,-0.096310491,2.8417875e-08,2.8092998e-08,-0.1125394,-0.1125394,-0.0095622724,-0.0095623178,0.0095609539,0.0095609085,-0.016228906,-0.016228913,-7.4130376e-10,-6.6135043e-10,-8.7424475e-05,-8.7424475e-05,-8.6026885e-05,-8.5947518e-05,-1.3983309e-06,-1.4776186e-06,-4.4971207e-08,-3.7380704e-08,-0.11280168,-0.11280168,-0.22202798,-0.22202356,-7.0562608,-7.0562608,-0.2442019,-0.24420191,-3.4943161,-3.4943161,-0.10819268,-0.10819272,-0.0043466965,-0.0043466514,-0.0019124545,-0.0019124636,-0.020630144,-0.020630144,4.5055325,4.5055325,-4.486033,-4.4860332,0.00065065975,0.00065065975,-1.4855016e-16,-1.4972962e-16,-3.262173e-19,-3.5795229e-19,3.5397465e-16,3.907884e-16,-3.9924217e-18,-4.0267287e-18,8.9636572e-16,9.0348368e-16,5.4711611e-06,2.395881e-09,5.8855119e-07,5.8855119e-07
0.0038720022,0.0038722921,-0.0096096796,-0.0096099694,-0.0057376774,-0.0057376774,0.12240443,0.12240443,0.11853243,0.11853214,0.03290894,0.032912913,-0.03295964,-0.032959597,0.032912879,0.032912915,-0.032959232,-0.032959188,-1.1937556e-06,-1.1933417e-06,-2.7705887e-19,-2.486475e-19,2.7690233e-08,2.7446851e-08,-0.11262482,-0.11262482,-0.00059410875,-0.00059392614,-0.00059410875,-0.00059392614,-0.00012812057,-0.00012812057,0.025922578,0.025922825,-0.026092537,-0.026092493,0.0081682041,0.0081684507,-0.017779868,-0.017779824,0.017754374,0.017754374,-0.0083126688,-0.0083126688,-0.0096116638,-0.0096113737,0.0094417053,0.0094417053,-0.0096116638,-0.0096113737,0.0094417053,0.0094417053,-0.016312899,-0.016312855,-0.096311891,-0.096311934,-0.016312899,-0.016312855,-0.096311891,-0.096311934,2.7690241e-08,2.7446859e-08,-0.11262482,-0.11262482,-0.0096116361,-0.0096113463,0.0096096796,0.0096099694,-0.016312926,-0.016312883,-7.2763448e-10,-6.4613937e-10,-8.5413712e-05,-8.5413712e-05,-8.4021077e-05,-8.3970725e-05,-1.393363e-06,-1.4436333e-06,-4.4345583e-08,-3.6520948e-08,-0.11288106,-0.11288106,-0.24308995,-0.24308539,-7.0610207,-7.0610207,-0.26737047,-0.26737047,-3.4965487,-3.4965487,-0.10875281,-0.10875252,-0.0038719746,-0.0038722646,-0.0019223272,-0.0019222693,-0.020636622,-0.020636622,4.5089521,4.5089521,-4.4915607,-4.4915594,0.00063569458,0.00063569458,-1.48663e-16,-1.4972452e-16,-3.2806782e-19,-3.5821606e-19,3.5580992e-16,3.9078298e-16,-3.9911472e-18,-4.0220239e-18,8.9704527e-16,9.0345143e-16,5.4164495e-06,2.3719224e-09,5.6178918e-07,5.6178918e-07
0.003408344,0.0034088155,-0.0096574304,-0.0096579019,-0.0062490864,-0.0062490864,0.12253191,0.12253191,0.11912356,0.11912309,0.033073766,0.033077722,-0.033123393,-0.033123322,0.033077665,0.033077723,-0.033123003,-0.033122932,-1.1660653e-06,-1.1658948e-06,-2.6457279e-19,-2.3900264e-19,2.6984387e-08,2.6815573e-08,-0.11270827,-0.11270827,-0.00058033422,-0.00058026584,-0.00058033422,-0.00058026584,-0.00012517379,-0.00012517379,0.026052396,0.026052797,-0.026218634,-0.026218563,0.0082087929,0.0082091938,-0.017868539,-0.017868468,0.017843603,0.017843603,-0.008350095,-0.008350095,-0.0096597456,-0.009659274,0.0094935079,0.0094935079,-0.0096597456,-0.009659274,0.0094935079,0.0094935079,-0.016394965,-0.016394895,-0.096313274,-0.096313345,-0.016394965,-0.016394895,-0.096313274,-0.096313345,2.6984396e-08,2.6815581e-08,-0.11270827,-0.11270827,-0.0096597187,-0.0096592471,0.0096574304,0.0096579019,-0.016394992,-0.016394922,-7.0584561e-10,-6.3127817e-10,-8.3449197e-05,-8.3449197e-05,-8.2066716e-05,-8.2039398e-05,-1.383186e-06,-1.4104298e-06,-4.289433e-08,-3.5680967e-08,-0.11295861,-0.11295861,-0.26366701,-0.2636628,-7.065671,-7.065671,-0.29000616,-0.29000616,-3.4987299,-3.4987299,-0.10929992,-0.10929945,-0.003408317,-0.0034087887,-0.0019319437,-0.0019318494,-0.020642952,-0.020642952,4.512293,4.512293,-4.4969658,-4.4969637,0.0006210736,0.0006210736,-1.4876417e-16,-1.4971953e-16,-3.2983292e-19,-3.5847374e-19,3.575529e-16,3.9077731e-16,-3.989638e-18,-4.0174274e-18,8.9765437e-16,9.0341992e-16,5.362285e-06,2.3482034e-09,5.3624406e-07,5.3624406e-07
0.0029554594,0.0029559989,-0.0097041924,-0.009704732,-0.0067487331,-0.0067487331,0.12265646,0.12265646,0.119701,0.11970046,0.033234814,0.033238739,-0.033283363,-0.033283282,0.033238675,0.033238741,-0.033282991,-0.03328291,-1.1390809e-06,-1.1390792e-06,-2.5259267e-19,-2.2957959e-19,2.6304618e-08,2.6198815e-08,-0.1127898,-0.1127898,-0.00056691,-0.00056691973,-0.00056691,-0.00056691973,-0.0001222948,-0.0001222948,0.026179321,0.026179779,-0.026341814,-0.026341733,0.0082485412,0.0082489999,-0.017955153,-0.017955072,0.017930779,0.017930779,-0.0083866603,-0.0083866603,-0.0097066121,-0.0097060725,0.009544119,0.009544119,-0.0097066121,-0.0097060725,0.009544119,0.009544119,-0.016475128,-0.016475047,-0.096314642,-0.096314723,-0.016475128,-0.016475047,-0.096314642,-0.096314723,2.6304626e-08,2.6198823e-08,-0.1127898,-0.1127898,-0.0097065858,-0.0097060463,0.0097041924,0.009704732,-0.016475154,-0.016475074,-6.7976957e-10,-6.1675877e-10,-8.1529865e-05,-8.1529865e-05,-8.0162751e-05,-8.0152492e-05,-1.3677939e-06,-1.3779899e-06,-4.0992571e-08,-3.4860306e-08,-0.11303439,-0.11303439,-0.2837705,-0.28376692,-7.0702144,-7.0702144,-0.31212123,-0.31212123,-3.500861,-3.500861,-0.10983434,-0.1098338,-0.0029554331,-0.0029559727,-0.0019413172,-0.0019412093,-0.020649135,-0.020649135,4.515557,4.515557,-4.5022508,-4.5022484,0.00060678891,0.00060678891,-1.4885483e-16,-1.4971466e-16,-3.3151671e-19,-3.5872549e-19,3.5920821e-16,3.907714e-16,-3.987926e-18,-4.0129366e-18,8.9820014e-16,9.0338913e-16,5.3086621e-06,2.3247216e-09,5.1186051e-07,5.1186051e-07
0.0025130673,0.0025135971,-0.0097499551,-0.009750485,-0.0072368878,-0.0072368878,0.12277814,0.12277814,0.12026507,0.12026454,0.033392168,0.033396054,-0.033439644,-0.033439564,0.03339599,0.033396056,-0.033439288,-0.033439209,-1.1127763e-06,-1.1128804e-06,-2.4108499e-19,-2.2037327e-19,2.5652369e-08,2.5596242e-08,-0.11286945,-0.11286945,-0.00055382291,-0.00055388057,-0.00055382291,-0.00055388057,-0.00011948202,-0.00011948202,0.026303391,0.026303841,-0.026462149,-0.02646207,0.00828744,0.0082878905,-0.018039765,-0.018039685,0.018015951,0.018015951,-0.0084223847,-0.0084223847,-0.0097523245,-0.0097517946,0.0095935661,0.0095935661,-0.0097523245,-0.0097517946,0.0095935661,0.0095935661,-0.016553436,-0.016553356,-0.096315989,-0.096316069,-0.016553436,-0.016553356,-0.096315989,-0.096316069,2.5652377e-08,2.559625e-08,-0.11286945,-0.11286945,-0.0097522989,-0.009751769,0.0097499551,0.009750485,-0.016553461,-0.016553382,-6.5225002e-10,-6.0257332e-10,-7.9654678e-05,-7.9654678e-05,-7.8307575e-05,-7.8308985e-05,-1.3477554e-06,-1.3462961e-06,-3.8920385e-08,-3.4058519e-08,-0.11310841,-0.11310841,-0.3034115,-0.30340866,-7.0746532,-7.0746532,-0.33372765,-0.33372765,-3.5029431,-3.5029431,-0.11035638,-0.11035585,-0.0025130416,-0.0025135715,-0.0019504598,-0.0019503538,-0.020655177,-0.020655177,4.518746,4.518746,-4.5074186,-4.5074162,0.00059283276,0.00059283276,-1.4893605e-16,-1.4970989e-16,-3.3312309e-19,-3.5897143e-19,3.6078025e-16,3.9076528e-16,-3.9860394e-18,-4.0085491e-18,8.9868896e-16,9.0335905e-16,5.2555755e-06,2.3014746e-09,4.885857e-07,4.885857e-07
0.0020808981,0.0020813706,-0.0097947131,-0.0097951856,-0.0077138151,-0.0077138151,0.12289702,0.12289702,0.12081613,0.12081565,0.03354591,0.03354975,-0.033592322,-0.033592252,0.033549694,0.033549752,-0.033591983,-0.033591912,-1.0871239e-06,-1.0872841e-06,-2.3001919e-19,-2.1137867e-19,2.5027133e-08,2.5007528e-08,-0.11294727,-0.11294727,-0.00054105925,-0.00054114132,-0.00054105925,-0.00054114132,-0.00011673393,-0.00011673393,0.026424648,0.02642505,-0.02657971,-0.026579639,0.0083254849,0.0083258865,-0.018122423,-0.018122352,0.018099163,0.018099163,-0.0084572874,-0.0084572874,-0.0097969377,-0.0097964651,0.0096418759,0.0096418759,-0.0097969377,-0.0097964651,0.0096418759,0.0096418759,-0.016629935,-0.016629864,-0.096317313,-0.096317384,-0.016629935,-0.016629864,-0.096317313,-0.096317384,2.5027141e-08,2.5007536e-08,-0.11294727,-0.11294727,-0.0097969126,-0.0097964401,0.0097947131,0.0097951856,-0.01662996,-0.016629889,-6.2523582e-10,-5.8871414e-10,-7.7822621e-05,-7.7822621e-05,-7.6499303e-05,-7.6507878e-05,-1.3239428e-06,-1.3153313e-06,-3.6871215e-08,-3.3275174e-08,-0.11318074,-0.11318074,-0.32260073,-0.32259863,-7.07899,-7.07899,-0.35483713,-0.35483713,-3.5049772,-3.5049772,-0.11086638,-0.1108659,-0.002080873,-0.0020813456,-0.0019593825,-0.001959288,-0.020661079,-0.02066108,4.5218617,4.5218617,-4.5124717,-4.5124695,0.00057919761,0.00057919761,-1.4900878e-16,-1.4970524e-16,-3.3465578e-19,-3.592117e-19,3.6227318e-16,3.9075896e-16,-3.9840037e-18,-4.0042624e-18,8.9912658e-16,9.0332966e-16,5.2030198e-06,2.27846e-09,4.6636922e-07,4.6636922e-07
0.0016586944,0.0016590852,-0.0098384673,-0.0098388582,-0.0081797729,-0.0081797729,0.12301317,0.12301317,0.12135448,0.12135409,0.033696119,0.033699911,-0.033741486,-0.033741428,0.033699865,0.033699913,-0.033741163,-0.033741104,-1.0620968e-06,-1.0622766e-06,-2.1936738e-19,-2.0259094e-19,2.4427207e-08,2.4432355e-08,-0.11302331,-0.11302331,-0.00052860567,-0.00052869507,-0.00052860567,-0.00052869507,-0.00011404905,-0.00011404905,0.026543138,0.026543471,-0.026694563,-0.026694504,0.0083626765,0.0083630087,-0.018203176,-0.018203117,0.018180462,0.018180462,-0.0084913873,-0.0084913873,-0.0098404991,-0.0098401082,0.0096890746,0.0096890746,-0.0098404991,-0.0098401082,0.0096890746,0.0096890746,-0.016704671,-0.016704612,-0.096318611,-0.096318669,-0.016704671,-0.016704612,-0.096318611,-0.096318669,2.4427215e-08,2.4432363e-08,-0.11302331,-0.11302331,-0.0098404747,-0.0098400838,0.0098384673,0.0098388582,-0.016704695,-0.016704637,-5.9992645e-10,-5.7517372e-10,-7.60327e-05,-7.60327e-05,-7.4735968e-05,-7.4748197e-05,-1.2973318e-06,-1.2850787e-06,-3.4965514e-08,-3.2509846e-08,-0.1132514,-0.1132514,-0.34134867,-0.34134724,-7.083227,-7.083227,-0.37546109,-0.37546108,-3.5069646,-3.5069646,-0.11136461,-0.11136422,-0.0016586699,-0.0016590608,-0.0019680949,-0.0019680168,-0.020666846,-0.020666846,4.5249056,4.5249056,-4.5174126,-4.5174109,0.00056587607,0.00056587607,-1.4907388e-16,-1.4970069e-16,-3.3611831e-19,-3.5944644e-19,3.6369099e-16,3.9075248e-16,-3.9818416e-18,-4.0000744e-18,8.9951817e-16,9.0330095e-16,5.1509896e-06,2.2556756e-09,4.4516294e-07,4.4516294e-07
0.0012462105,0.0012465124,-0.0098812243,-0.0098815262,-0.0086350138,-0.0086350138,0.12312665,0.12312665,0.12188044,0.12188014,0.033842875,0.033846619,-0.033887218,-0.033887173,0.033846583,0.03384662,-0.033886909,-0.033886864,-1.0376696e-06,-1.0378442e-06,-2.091041e-19,-1.9400532e-19,2.3850272e-08,2.387041e-08,-0.11309759,-0.11309759,-0.00051644976,-0.00051653508,-0.00051644976,-0.00051653508,-0.00011142592,-0.00011142592,0.026658911,0.026659168,-0.026806773,-0.026806727,0.0083990204,0.008399277,-0.01828207,-0.018282025,0.018259891,0.018259891,-0.0085247029,-0.0085247029,-0.0098830494,-0.0098827476,0.0097351876,0.0097351876,-0.0098830494,-0.0098827476,0.0097351876,0.0097351876,-0.016777687,-0.016777641,-0.09631988,-0.096319925,-0.016777687,-0.016777641,-0.09631988,-0.096319925,2.385028e-08,2.3870419e-08,-0.11309759,-0.11309759,-0.0098830256,-0.0098827237,0.0098812243,0.0098815262,-0.016777711,-0.016777665,-5.7693565e-10,-5.6194473e-10,-7.4283948e-05,-7.4283948e-05,-7.3015658e-05,-7.3028988e-05,-1.2688671e-06,-1.2555219e-06,-3.326636e-08,-3.176212e-08,-0.11332044,-0.11332044,-0.3596655,-0.35966462,-7.0873666,-7.0873666,-0.39561069,-0.39561069,-3.5089063,-3.5089063,-0.11185138,-0.11185108,-0.0012461867,-0.0012464886,-0.0019766051,-0.0019765447,-0.02067248,-0.02067248,4.5278796,4.5278796,-4.522244,-4.5222426,0.00055286092,0.00055286092,-1.4913212e-16,-1.4969625e-16,-3.3751404e-19,-3.5967576e-19,3.6503743e-16,3.9074585e-16,-3.9795732e-18,-3.9959826e-18,8.9986839e-16,9.0327289e-16,5.0994797e-06,2.233119e-09,4.2492094e-07,4.2492094e-07
0.00084321182,0.00084342881,-0.0099229959,-0.0099232129,-0.0090797841,-0.0090797841,0.12323752,0.12323752,0.12239431,0.12239409,0.033986255,0.033989952,-0.034029599,-0.034029567,0.033989927,0.033989954,-0.034029304,-0.034029272,-1.0138193e-06,-1.0139738e-06,-1.9920606e-19,-1.8561716e-19,2.3293822e-08,2.3321391e-08,-0.11317017,-0.11317017,-0.00050458026,-0.00050465478,-0.00050458026,-0.00050465478,-0.00010886313,-0.00010886313,0.026772019,0.026772204,-0.026916402,-0.02691637,0.0084345268,0.0084347112,-0.01835915,-0.018359117,0.018337492,0.018337492,-0.0085572523,-0.0085572523,-0.0099246231,-0.0099244062,0.0097802401,0.0097802401,-0.0099246231,-0.0099244062,0.0097802401,0.0097802401,-0.016849023,-0.016848991,-0.096321119,-0.096321151,-0.016849023,-0.016848991,-0.096321119,-0.096321151,2.329383e-08,2.3321399e-08,-0.11317017,-0.11317017,-0.0099245998,-0.0099243829,0.0099229959,0.0099232129,-0.016849047,-0.016849014,-5.5645049e-10,-5.4902e-10,-7.2575417e-05,-7.2575417e-05,-7.1336593e-05,-7.1349322e-05,-1.2393811e-06,-1.2266449e-06,-3.179478e-08,-3.1031592e-08,-0.11338789,-0.11338789,-0.37756116,-0.37756071,-7.091411,-7.091411,-0.41529685,-0.41529685,-3.5108033,-3.5108033,-0.11232695,-0.11232674,-0.00084318853,-0.00084340549,-0.00198492,-0.0019848766,-0.020677985,-0.020677985,4.5307852,4.5307852,-4.526968,-4.526967,0.00054014512,0.00054014512,-1.4918419e-16,-1.4969191e-16,-3.3884617e-19,-3.598998e-19,3.6631609e-16,3.9073909e-16,-3.9772166e-18,-3.991985e-18,9.0018143e-16,9.0324548e-16,5.0484849e-06,2.210788e-09,4.0559936e-07,4.0559936e-07
0.00044947327,0.00044961612,-0.009963798,-0.0099639408,-0.0095143247,-0.0095143247,0.12334584,0.12334584,0.12289637,0.12289622,0.034126338,0.034129988,-0.034168707,-0.034168685,0.034129973,0.03412999,-0.034168425,-0.034168404,-9.9052546e-07,-9.9065243e-07,-1.8965193e-19,-1.7742192e-19,2.275545e-08,2.2784998e-08,-0.11324107,-0.11324107,-0.00049298718,-0.00049304772,-0.00049298718,-0.00049304772,-0.00010635927,-0.00010635927,0.026882518,0.02688264,-0.027023511,-0.02702349,0.008469209,0.0084693303,-0.018434458,-0.018434437,0.018413309,0.018413309,-0.008589053,-0.008589053,-0.0099652495,-0.0099651066,0.0098242564,0.0098242564,-0.0099652495,-0.0099651066,0.0098242564,0.0098242564,-0.01691872,-0.016918699,-0.096322328,-0.09632235,-0.01691872,-0.016918699,-0.096322328,-0.09632235,2.2755458e-08,2.2785007e-08,-0.11324107,-0.11324107,-0.0099652267,-0.0099650839,0.009963798,0.0099639408,-0.016918743,-0.016918722,-5.3837236e-10,-5.3639254e-10,-7.0906183e-05,-7.0906183e-05,-6.9697167e-05,-6.9708287e-05,-1.2095537e-06,-1.198432e-06,-3.0543417e-08,-3.0317866e-08,-0.11345379,-0.11345379,-0.39504532,-0.39504519,-7.0953623,-7.0953623,-0.43453024,-0.43453024,-3.5126567,-3.5126567,-0.1127916,-0.11279146,-0.00044945052,-0.00044959334,-0.0019930453,-0.0019930168,-0.020683363,-0.020683363,4.5336239,4.5336239,-4.5315871,-4.5315865,0.00052772178,0.00052772178,-1.4923073e-16,-1.4968767e-16,-3.4011773e-19,-3.6011868e-19,3.6753037e-16,3.9073221e-16,-3.9747878e-18,-3.9880793e-18,9.0046106e-16,9.032187e-16,4.998e-06,2.1886802e-09,3.8715635e-07,3.8715635e-07
6.4778503e-05,6.486112e-05,-0.010003649,-0.010003732,-0.0099388709,-0.0099388709,0.12345167,0.12345167,0.12338689,0.12338681,0.034263197,0.034266804,-0.034304617,-0.034304605,0.034266796,0.034266806,-0.034304348,-0.034304336,-9.6777e-07,-9.6786743e-07,-1.8042217e-19,-1.6941517e-19,2.2233017e-08,2.2260943e-08,-0.11331035,-0.11331035,-0.0004816617,-0.00048170762,-0.0004816617,-0.00048170762,-0.00010391301,-0.00010391301,0.026990466,0.026990536,-0.027128159,-0.027128147,0.0085030831,0.0085031533,-0.018508037,-0.018508024,0.018487383,0.018487383,-0.0086201223,-0.0086201223,-0.010004954,-0.010004871,0.0098672603,0.0098672603,-0.010004954,-0.010004871,0.0098672603,0.0098672603,-0.016986816,-0.016986804,-0.096323508,-0.096323521,-0.016986816,-0.016986804,-0.096323508,-0.096323521,2.2233026e-08,2.2260952e-08,-0.11331035,-0.11331035,-0.010004931,-0.010004849,0.010003649,0.010003732,-0.016986839,-0.016986826,-5.2243275e-10,-5.2405552e-10,-6.9275341e-05,-6.9275341e-05,-6.8095961e-05,-6.8104997e-05,-1.1799024e-06,-1.1708681e-06,-2.9487828e-08,-2.9620556e-08,-0.11351817,-0.11351817,-0.41212744,-0.41212752,-7.0992228,-7.0992228,-0.45332125,-0.45332125,-3.5144674,-3.5144674,-0.11324557,-0.11324549,-6.475627e-05,-6.4838859e-05,-0.0020009863,-0.0020009697,-0.020688617,-0.020688617,4.5363974,4.5363974,-4.5361035,-4.5361032,0.00051558418,0.00051558418,-1.4927228e-16,-1.4968353e-16,-3.4133161e-19,-3.6033252e-19,3.6868349e-16,3.9072524e-16,-3.9723011e-18,-3.9842634e-18,9.0071066e-16,9.0319254e-16,4.94802e-06,2.1667936e-09,3.6955196e-07,3.6955196e-07
-0.00031108144,-0.00031104451,-0.010042571,-0.010042608,-0.010353652,-0.010353652,0.12355506,0.12355506,0.12386614,0.12386611,0.034396908,0.034400473,-0.034437404,-0.034437398,0.03440047,0.034400475,-0.034437147,-0.034437142,-9.4553698e-07,-9.4560648e-07,-1.7149887e-19,-1.6159256e-19,2.1724735e-08,2.1748941e-08,-0.11337803,-0.11337803,-0.00047059601,-0.00047062834,-0.00047059601,-0.00047062834,-0.00010152301,-0.00010152301,0.027095919,0.027095951,-0.027230402,-0.027230396,0.0085361669,0.0085361983,-0.018579925,-0.018579919,0.018559752,0.018559752,-0.0086504771,-0.0086504771,-0.010043758,-0.010043721,0.0099092752,0.0099092752,-0.010043758,-0.010043721,0.0099092752,0.0099092752,-0.017053348,-0.017053343,-0.096324659,-0.096324665,-0.017053348,-0.017053343,-0.096324659,-0.096324665,2.1724744e-08,2.174895e-08,-0.11337803,-0.11337803,-0.010043736,-0.010043699,0.010042571,0.010042608,-0.01705337,-0.017053364,-5.0828225e-10,-5.1200224e-10,-6.7682008e-05,-6.7682008e-05,-6.6531725e-05,-6.6538582e-05,-1.1507912e-06,-1.1439381e-06,-2.8595211e-08,-2.8939284e-08,-0.11358108,-0.11358108,-0.42881676,-0.42881696,-7.1029945,-7.1029945,-0.47168007,-0.47168007,-3.5162365,-3.5162365,-0.11368911,-0.11368907,0.00031110317,0.00031106626,-0.0020087472,-0.0020087398,-0.020693751,-0.020693751,4.539107,4.539107,-4.5405195,-4.5405193,0.00050372574,0.00050372574,-1.4930936e-16,-1.4967948e-16,-3.4249056e-19,-3.6054142e-19,3.6977852e-16,3.9071818e-16,-3.9697693e-18,-3.9805353e-18,9.0093328e-16,9.0316697e-16,4.8985398e-06,2.1451258e-09,3.5274807e-07,3.5274807e-07
-0.00067830908,-0.00067830432,-0.010080585,-0.01008059,-0.010758894,-0.010758894,0.12365608,0.12365608,0.12433439,0.12433438,0.034527542,0.034531068,-0.034567138,-0.034567138,0.034531069,0.034531069,-0.034566894,-0.034566893,-9.2381223e-07,-9.2385753e-07,-1.6286555e-19,-1.5394986e-19,2.1229181e-08,2.1248715e-08,-0.11344415,-0.11344415,-0.0004597832,-0.00045980389,-0.0004597832,-0.00045980389,-9.9187982e-05,-9.9187982e-05,0.027198937,0.027198941,-0.027330295,-0.027330294,0.0085684792,0.0085684833,-0.018650161,-0.01865016,0.018630457,0.018630457,-0.0086801336,-0.0086801336,-0.010081682,-0.010081677,0.0099503236,0.0099503236,-0.010081682,-0.010081677,0.0099503236,0.0099503236,-0.017118351,-0.017118351,-0.096325782,-0.096325782,-0.017118351,-0.017118351,-0.096325782,-0.096325782,2.122919e-08,2.1248724e-08,-0.11344415,-0.11344415,-0.010081661,-0.010081656,0.010080585,0.01008059,-0.017118373,-0.017118372,-4.955541e-10,-5.002262e-10,-6.6125322e-05,-6.6125322e-05,-6.5003365e-05,-6.5008194e-05,-1.1224521e-06,-1.1176276e-06,-2.7830677e-08,-2.8273681e-08,-0.11364253,-0.11364253,-0.44512228,-0.44512254,-7.1066794,-7.1066794,-0.48961664,-0.48961664,-3.5179649,-3.5179649,-0.11412246,-0.11412246,0.00067833031,0.00067832557,-0.0020163321,-0.0020163311,-0.020698766,-0.020698766,4.5417544,4.5417544,-4.5448372,-4.5448372,0.00049214005,0.00049214005,-1.4934242e-16,-1.4967553e-16,-3.435972e-19,-3.6074552e-19,3.7081838e-16,3.9071106e-16,-3.9672036e-18,-3.9768929e-18,9.0113167e-16,9.03142e-16,4.8495544e-06,2.1236747e-09,3.3670826e-07,3.3670826e-07
-0.0010371013,-0.0010371171,-0.010117714,-0.010117698,-0.011154815,-0.011154815,0.12375477,0.12375477,0.12479187,0.12479189,0.03465517,0.034658659,-0.034693891,-0.034693894,0.034658662,0.03465866,-0.034693657,-0.03469366,-9.0258304e-07,-9.026088e-07,-1.5450707e-19,-1.4648295e-19,2.0745276e-08,2.0759995e-08,-0.11350876,-0.11350876,-0.00044921699,-0.0004492284,-0.00044921699,-0.0004492284,-9.6906659e-05,-9.6906659e-05,0.027299575,0.027299562,-0.027427892,-0.027427894,0.0086000392,0.0086000257,-0.018718784,-0.018718786,0.018699536,0.018699536,-0.0087091081,-0.0087091081,-0.010118744,-0.01011876,0.009990428,0.009990428,-0.010118744,-0.01011876,0.009990428,0.009990428,-0.017181861,-0.017181864,-0.096326877,-0.096326874,-0.017181861,-0.017181864,-0.096326877,-0.096326874,2.0745285e-08,2.0760003e-08,-0.11350876,-0.11350876,-0.010118724,-0.010118739,0.010117714,0.010117698,-0.017181882,-0.017181884,-4.8390557e-10,-4.88721e-10,-6.4604439e-05,-6.4604439e-05,-6.3509913e-05,-6.3513006e-05,-1.09501e-06,-1.0919221e-06,-2.7161379e-08,-2.7623388e-08,-0.11370257,-0.11370257,-0.46105283,-0.4610531,-7.1102796,-7.1102796,-0.50714067,-0.50714067,-3.5196536,-3.5196536,-0.11454586,-0.11454588,0.0010371221,0.0010371379,-0.0020237447,-0.0020237479,-0.020703666,-0.020703666,4.5443408,4.5443408,-4.5490587,-4.5490587,0.00048082083,0.00048082083,-1.4937186e-16,-1.4967167e-16,-3.4465401e-19,-3.6094491e-19,3.7180583e-16,3.9070388e-16,-3.9646139e-18,-3.9733343e-18,9.013083e-16,9.0311759e-16,4.8010589e-06,2.1024381e-09,3.213978e-07,3.213978e-07
-0.0013876501,-0.0013876773,-0.01015398,-0.010153953,-0.01154163,-0.01154163,0.12385119,0.12385119,0.12523884,0.12523887,0.034779863,0.034783315,-0.03481773,-0.034817734,0.03478332,0.034783316,-0.034817507,-0.034817511,-8.8183776e-07,-8.818488e-07,-1.4640948e-19,-1.3918776e-19,2.0272235e-08,2.0282515e-08,-0.11357188,-0.11357188,-0.00043889166,-0.00043889615,-0.00043889166,-0.00043889615,-9.4677806e-05,-9.4677806e-05,0.027397892,0.027397869,-0.027523245,-0.027523249,0.0086308658,0.0086308426,-0.018785829,-0.018785833,0.018767026,0.018767026,-0.0087374161,-0.0087374161,-0.010154963,-0.010154991,0.01002961,0.01002961,-0.010154963,-0.010154991,0.01002961,0.01002961,-0.017243912,-0.017243916,-0.096327945,-0.096327941,-0.017243912,-0.017243916,-0.096327945,-0.096327941,2.0272244e-08,2.0282523e-08,-0.11357188,-0.11357188,-0.010154943,-0.01015497,0.01015398,0.010153953,-0.017243932,-0.017243936,-4.7304166e-10,-4.7748042e-10,-6.3118537e-05,-6.3118537e-05,-6.20505e-05,-6.2052207e-05,-1.06851e-06,-1.0668079e-06,-2.6558893e-08,-2.698805e-08,-0.11376123,-0.11376123,-0.476617,-0.47661725,-7.113797,-7.113797,-0.52426164,-0.52426164,-3.5213034,-3.5213034,-0.11495953,-0.11495955,0.0013876704,0.0013876976,-0.0020309886,-0.0020309941,-0.020708453,-0.020708453,4.5468678,4.5468678,-4.553186,-4.5531861,0.00046976195,0.00046976195,-1.4939807e-16,-1.4966789e-16,-3.4566335e-19,-3.611397e-19,3.7274351e-16,3.9069666e-16,-3.9620092e-18,-3.9698576e-18,9.0146539e-16,9.0309375e-16,4.7530483e-06,2.0814138e-09,3.0678352e-07,3.0678352e-07
-0.0017301429,-0.0017301745,-0.010189405,-0.010189374,-0.011919548,-0.011919548,0.12394539,0.12394539,0.12567554,0.12567557,0.034901687,0.034905104,-0.034938722,-0.034938727,0.034905109,0.034905106,-0.034938509,-0.034938514,-8.6156552e-07,-8.6156628e-07,-1.3855991e-19,-1.3206036e-19,1.980951e-08,1.9816017e-08,-0.11363354,-0.11363354,-0.00042880181,-0.00042880154,-0.00042880181,-0.00042880154,-9.2500216e-05,-9.2500216e-05,0.027493942,0.027493915,-0.027616407,-0.027616411,0.0086609777,0.0086609508,-0.018851334,-0.018851338,0.018832964,0.018832964,-0.0087650731,-0.0087650731,-0.010190356,-0.010190388,0.010067891,0.010067891,-0.010190356,-0.010190388,0.010067891,0.010067891,-0.017304536,-0.017304541,-0.096328988,-0.096328983,-0.017304536,-0.017304541,-0.096328988,-0.096328983,1.9809519e-08,1.9816025e-08,-0.11363354,-0.11363354,-0.010190336,-0.010190368,0.010189405,0.010189374,-0.017304556,-0.017304561,-4.6272519e-10,-4.6649837e-10,-6.1666811e-05,-6.1666811e-05,-6.0624332e-05,-6.0625006e-05,-1.0429414e-06,-1.0422713e-06,-2.6000288e-08,-2.6367326e-08,-0.11381854,-0.11381854,-0.49182321,-0.49182342,-7.1172334,-7.1172334,-0.54098884,-0.54098884,-3.5229153,-3.5229153,-0.11536369,-0.11536372,0.0017301627,0.0017301944,-0.0020380672,-0.0020380736,-0.020713131,-0.020713131,4.5493366,4.5493366,-4.5572213,-4.5572214,0.00045895742,0.00045895742,-1.4942136e-16,-1.496642e-16,-3.4662748e-19,-3.6133001e-19,3.7363391e-16,3.906894e-16,-3.9593973e-18,-3.9664608e-18,9.0160493e-16,9.0307046e-16,4.7055178e-06,2.0605998e-09,2.9283377e-07,2.9283377e-07
-0.002064763,-0.0020647944,-0.010224011,-0.01022398,-0.012288774,-0.012288774,0.12403743,0.12403743,0.1261022,0.12610223,0.03502071,0.035024092,-0.035056932,-0.035056937,0.035024098,0.035024094,-0.035056729,-0.035056733,-8.41756e-07,-8.4175026e-07,-1.3094649e-19,-1.2509689e-19,1.9356733e-08,1.9360248e-08,-0.11369379,-0.11369379,-0.00041894233,-0.0004189391,-0.00041894233,-0.0004189391,-9.0372711e-05,-9.0372711e-05,0.027587778,0.027587751,-0.027707426,-0.027707431,0.0086903931,0.0086903665,-0.018915332,-0.018915337,0.018897385,0.018897385,-0.008792094,-0.008792094,-0.010224939,-0.01022497,0.010105291,0.010105291,-0.010224939,-0.01022497,0.010105291,0.010105291,-0.017363767,-0.017363772,-0.096330006,-0.096330002,-0.017363767,-0.017363772,-0.096330006,-0.096330002,1.9356742e-08,1.9360257e-08,-0.11369379,-0.11369379,-0.01022492,-0.010224951,0.010224011,0.01022398,-0.017363786,-0.017363791,-4.5277765e-10,-4.5576891e-10,-6.0248474e-05,-6.0248474e-05,-5.9230668e-05,-5.9230631e-05,-1.0182584e-06,-1.0182991e-06,-2.5468259e-08,-2.5760878e-08,-0.11387454,-0.11387454,-0.50667969,-0.50667986,-7.1205909,-7.1205909,-0.5573313,-0.5573313,-3.5244901,-3.5244901,-0.11575856,-0.11575859,0.0020647823,0.0020648137,-0.0020449839,-0.0020449902,-0.0207177,-0.0207177,4.5517487,4.5517487,-4.5611664,-4.5611666,0.0004484014,0.0004484014,-1.4944204e-16,-1.496606e-16,-3.4754853e-19,-3.6151594e-19,3.7447941e-16,3.9068212e-16,-3.956785e-18,-3.9631421e-18,9.0172873e-16,9.030477e-16,4.6584626e-06,2.0399939e-09,2.7951832e-07,2.7951832e-07
-0.0023916897,-0.0023917179,-0.010257818,-0.01025779,-0.012649508,-0.012649508,0.12412735,0.12412735,0.12651904,0.12651907,0.035136994,0.035140343,-0.035172424,-0.035172428,0.035140348,0.035140345,-0.03517223,-0.035172234,-8.2239926e-07,-8.2239e-07,-1.2355821e-19,-1.1829358e-19,1.8913659e-08,1.8914962e-08,-0.11375266,-0.11375266,-0.00040930826,-0.0004093035,-0.00040930826,-0.0004093035,-8.8294139e-05,-8.8294139e-05,0.027679454,0.02767943,-0.027796353,-0.027796357,0.0087191295,0.0087191056,-0.018977859,-0.018977864,0.018960325,0.018960325,-0.0088184933,-0.0088184933,-0.01025873,-0.010258758,0.010141831,0.010141831,-0.01025873,-0.010258758,0.010141831,0.010141831,-0.017421636,-0.01742164,-0.096331001,-0.096330997,-0.017421636,-0.01742164,-0.096331001,-0.096330997,1.8913668e-08,1.8914971e-08,-0.11375266,-0.11375266,-0.010258711,-0.010258739,0.010257818,0.01025779,-0.017421655,-0.017421659,-4.4307396e-10,-4.4528623e-10,-5.8862759e-05,-5.8862759e-05,-5.7868805e-05,-5.7868326e-05,-9.9439676e-07,-9.9487821e-07,-2.4950667e-08,-2.5168379e-08,-0.11392924,-0.11392924,-0.52119447,-0.52119459,-7.1238711,-7.1238711,-0.57329789,-0.57329789,-3.5260287,-3.5260287,-0.11614435,-0.11614437,0.0023917086,0.0023917368,-0.0020517422,-0.0020517478,-0.020722165,-0.020722165,4.5541053,4.5541053,-4.5650234,-4.5650235,0.00043808817,0.00043808817,-1.4946038e-16,-1.4965708e-16,-3.4842854e-19,-3.6169758e-19,3.7528226e-16,3.9067484e-16,-3.9541783e-18,-3.9598998e-18,9.0183839e-16,9.0302546e-16,4.611878e-06,2.0195941e-09,2.6680834e-07,2.6680834e-07
-0.0027110988,-0.0027111222,-0.010290846,-0.010290823,-0.013001945,-0.013001945,0.12421521,0.12421521,0.1269263,0.12692633,0.035250605,0.035253921,-0.03528526,-0.035285263,0.035253925,0.035253922,-0.035285075,-0.035285078,-8.0348559e-07,-8.0347503e-07,-1.1638491e-19,-1.1164674e-19,1.8480125e-08,1.8479918e-08,-0.11381016,-0.11381016,-0.00039989478,-0.00039988952,-0.00039989478,-0.00039988952,-8.6263374e-05,-8.6263374e-05,0.02776902,0.027769,-0.027883234,-0.027883238,0.0087472036,0.0087471837,-0.019038948,-0.019038952,0.019021816,0.019021816,-0.0088442855,-0.0088442855,-0.010291745,-0.010291768,0.010177531,0.010177531,-0.010291745,-0.010291768,0.010177531,0.010177531,-0.017478174,-0.017478177,-0.096331972,-0.096331969,-0.017478174,-0.017478177,-0.096331972,-0.096331969,1.8480134e-08,1.8479927e-08,-0.11381016,-0.11381016,-0.010291726,-0.01029175,0.010290846,0.010290823,-0.017478192,-0.017478196,-4.3353409e-10,-4.3504465e-10,-5.7508916e-05,-5.7508916e-05,-5.6538064e-05,-5.6537355e-05,-9.7128535e-07,-9.7199601e-07,-2.4439754e-08,-2.4589507e-08,-0.11398269,-0.11398269,-0.5353754,-0.53537549,-7.1270759,-7.1270759,-0.58889725,-0.58889725,-3.5275319,-3.5275319,-0.11652126,-0.11652129,0.0027111173,0.0027111407,-0.0020583453,-0.00205835,-0.020726527,-0.020726527,4.5564076,4.5564076,-4.5687941,-4.5687942,0.00042801214,0.00042801214,-1.4947661e-16,-1.4965364e-16,-3.4926945e-19,-3.6187504e-19,3.760446e-16,3.9066755e-16,-3.9515827e-18,-3.956732e-18,9.0193537e-16,9.0300374e-16,4.5657592e-06,1.9993982e-09,2.546763e-07,2.546763e-07
-0.003023162,-0.0030231802,-0.010323114,-0.010323096,-0.013346276,-0.013346276,0.12430104,0.12430104,0.1273242,0.12732422,0.035361603,0.035364886,-0.035395501,-0.035395504,0.03536489,0.035364888,-0.035395324,-0.035395327,-7.8500546e-07,-7.849951e-07,-1.0941713e-19,-1.0515277e-19,1.8056012e-08,1.8054879e-08,-0.11386635,-0.11386635,-0.00039069713,-0.00039069206,-0.00039069713,-0.00039069206,-8.4279316e-05,-8.4279316e-05,0.027856525,0.02785651,-0.027968117,-0.02796812,0.0087746315,0.008774616,-0.019098633,-0.019098635,0.019081894,0.019081894,-0.0088694845,-0.0088694845,-0.010324001,-0.010324019,0.010212409,0.010212409,-0.010324001,-0.010324019,0.010212409,0.010212409,-0.017533412,-0.017533414,-0.096332921,-0.096332918,-0.017533412,-0.017533414,-0.096332921,-0.096332918,1.8056021e-08,1.8054888e-08,-0.11386635,-0.11386635,-0.010323983,-0.010324001,0.010323114,0.010323096,-0.01753343,-0.017533432,-4.2411347e-10,-4.2503863e-10,-5.6186211e-05,-5.6186211e-05,-5.523778e-05,-5.5236996e-05,-9.4885484e-07,-9.496401e-07,-2.3931225e-08,-2.4023949e-08,-0.11403491,-0.11403491,-0.54923017,-0.54923023,-7.1302069,-7.1302069,-0.60413782,-0.60413782,-3.5290005,-3.5290005,-0.11688951,-0.11688953,0.0030231801,0.0030231983,-0.0020647966,-0.0020648003,-0.020730788,-0.020730788,4.5586571,4.5586571,-4.5724804,-4.5724805,0.00041816786,0.00041816786,-1.4949095e-16,-1.4965028e-16,-3.500731e-19,-3.6204841e-19,3.7676846e-16,3.9066026e-16,-3.9490027e-18,-3.9536371e-18,9.0202099e-16,9.0298252e-16,4.5201016e-06,1.9794043e-09,2.4309592e-07,2.4309592e-07
-0.0033280478,-0.0033280609,-0.010354639,-0.010354626,-0.013682687,-0.013682687,0.1243849,0.1243849,0.12771294,0.12771296,0.035470048,0.035473299,-0.035503207,-0.035503209,0.035473302,0.035473301,-0.035503038,-0.03550304,-7.6694944e-07,-7.6694022e-07,-1.0264608e-19,-9.8808159e-20,1.7641219e-08,1.7639617e-08,-0.11392124,-0.11392124,-0.0003817106,-0.00038170615,-0.0003817106,-0.00038170615,-8.2340892e-05,-8.2340892e-05,0.027942018,0.027942007,-0.028051048,-0.02805105,0.0088014286,0.0088014174,-0.019156944,-0.019156946,0.01914059,0.01914059,-0.0088941039,-0.0088941039,-0.010355516,-0.010355529,0.010246486,0.010246486,-0.010355516,-0.010355529,0.010246486,0.010246486,-0.017587379,-0.017587381,-0.096333848,-0.096333846,-0.017587379,-0.017587381,-0.096333848,-0.096333846,1.7641228e-08,1.7639626e-08,-0.11392124,-0.11392124,-0.010355498,-0.010355511,0.010354639,0.010354626,-0.017587396,-0.017587398,-4.147935e-10,-4.1526274e-10,-5.4893928e-05,-5.4893928e-05,-5.39673e-05,-5.3966545e-05,-9.2704248e-07,-9.2779838e-07,-2.3423342e-08,-2.3471399e-08,-0.11408593,-0.11408593,-0.56276628,-0.56276631,-7.133266,-7.133266,-0.61902786,-0.61902786,-3.5304354,-3.5304354,-0.11724929,-0.11724931,0.0033280654,0.0033280786,-0.0020710996,-0.0020711022,-0.020734952,-0.020734952,4.5608547,4.5608547,-4.5760842,-4.5760842,0.00040855,0.00040855,-1.495036e-16,-1.49647e-16,-3.5084125e-19,-3.6221779e-19,3.7745578e-16,3.9065299e-16,-3.9464424e-18,-3.9506133e-18,9.020964e-16,9.0296178e-16,4.4749006e-06,1.9596104e-09,2.320421e-07,2.320421e-07
-0.0036259206,-0.0036259294,-0.01038544,-0.010385432,-0.014011361,-0.014011361,0.12446683,0.12446683,0.12809275,0.12809275,0.035575999,0.035579219,-0.035608435,-0.035608436,0.035579221,0.03557922,-0.035608274,-0.035608275,-7.4930821e-07,-7.4930059e-07,-9.6063605e-20,-9.2609474e-20,1.7235646e-08,1.7233905e-08,-0.11397488,-0.11397488,-0.00037293054,-0.0003729269,-0.00037293054,-0.0003729269,-8.0447051e-05,-8.0447051e-05,0.028025545,0.028025538,-0.028132071,-0.028132073,0.0088276097,0.0088276023,-0.019213914,-0.019213916,0.019197936,0.019197936,-0.008918157,-0.008918157,-0.010386305,-0.010386313,0.010279778,0.010279778,-0.010386305,-0.010386313,0.010279778,0.010279778,-0.017640105,-0.017640106,-0.096334754,-0.096334752,-0.017640105,-0.017640106,-0.096334754,-0.096334752,1.7235655e-08,1.7233915e-08,-0.11397488,-0.11397488,-0.010386287,-0.010386296,0.01038544,0.010385432,-0.017640122,-0.017640123,-4.0557321e-10,-4.057117e-10,-5.3631367e-05,-5.3631367e-05,-5.2725978e-05,-5.2725314e-05,-9.057947e-07,-9.0645902e-07,-2.2916106e-08,-2.2931557e-08,-0.11413577,-0.11413577,-0.57599104,-0.57599105,-7.1362546,-7.1362546,-0.63357543,-0.63357543,-3.5318372,-3.5318372,-0.1176008,-0.11760081,0.0036259379,0.0036259466,-0.0020772575,-0.0020772592,-0.020739019,-0.020739019,4.5630019,4.5630019,-4.5796072,-4.5796072,0.00039915335,0.00039915335,-1.4951474e-16,-1.4964379e-16,-3.5157555e-19,-3.6238327e-19,3.7810839e-16,3.9064575e-16,-3.9439053e-18,-3.9476591e-18,9.0216268e-16,9.0294152e-16,4.4301516e-06,1.9400144e-09,2.2149092e-07,2.2149092e-07
-0.0039169417,-0.0039169468,-0.010415534,-0.010415529,-0.014332475,-0.014332475,0.12454687,0.12454687,0.12846381,0.12846382,0.035679515,0.035682702,-0.035711243,-0.035711244,0.035682704,0.035682704,-0.03571109,-0.03571109,-7.3207256e-07,-7.3206668e-07,-8.9662074e-20,-8.6553357e-20,1.6839184e-08,1.6837525e-08,-0.11402727,-0.11402727,-0.00036435236,-0.00036434959,-0.00036435236,-0.00036434959,-7.8596769e-05,-7.8596769e-05,0.028107152,0.028107147,-0.028211231,-0.028211232,0.0088531893,0.008853185,-0.019269574,-0.019269575,0.019253962,0.019253962,-0.008941657,-0.008941657,-0.010416385,-0.01041639,0.010312305,0.010312305,-0.010416385,-0.01041639,0.010312305,0.010312305,-0.017691618,-0.017691619,-0.096335639,-0.096335638,-0.017691618,-0.017691619,-0.096335639,-0.096335638,1.6839193e-08,1.6837535e-08,-0.11402727,-0.11402727,-0.010416368,-0.010416373,0.010415534,0.010415529,-0.017691635,-0.017691636,-3.9646222e-10,-3.9638033e-10,-5.2397846e-05,-5.2397846e-05,-5.1513175e-05,-5.1512632e-05,-8.8506779e-07,-8.8561046e-07,-2.2410581e-08,-2.2404132e-08,-0.11418447,-0.11418447,-0.58891164,-0.58891163,-7.1391746,-7.1391746,-0.64778841,-0.64778841,-3.5332068,-3.5332068,-0.11794422,-0.11794422,0.0039169585,0.0039169636,-0.0020832736,-0.0020832746,-0.020742994,-0.020742994,4.5650996,4.5650996,-4.5830512,-4.5830512,0.00038997283,0.00038997283,-1.4952451e-16,-1.4964066e-16,-3.522776e-19,-3.6254494e-19,3.7872804e-16,3.9063853e-16,-3.9413944e-18,-3.9447729e-18,9.0222077e-16,9.0292173e-16,4.3858501e-06,1.9206143e-09,2.114195e-07,2.114195e-07
-0.0042012685,-0.0042012709,-0.010444936,-0.010444933,-0.014646204,-0.014646204,0.12462507,0.12462507,0.12882634,0.12882634,0.03578065,0.035783806,-0.035811687,-0.035811688,0.035783807,0.035783807,-0.035811541,-0.035811541,-7.1523337e-07,-7.1522914e-07,-8.3434374e-20,-8.0636529e-20,1.6451709e-08,1.6450262e-08,-0.11407847,-0.11407847,-0.00035597151,-0.00035596955,-0.00035597151,-0.00035596955,-7.6789043e-05,-7.6789043e-05,0.028186882,0.02818688,-0.02828857,-0.028288571,0.0088781813,0.0088781793,-0.019323954,-0.019323954,0.019308701,0.019308701,-0.0089646164,-0.0089646164,-0.010445773,-0.010445775,0.010344084,0.010344084,-0.010445773,-0.010445775,0.010344084,0.010344084,-0.017741946,-0.017741947,-0.096336504,-0.096336503,-0.017741946,-0.017741947,-0.096336504,-0.096336503,1.6451718e-08,1.6450271e-08,-0.11407847,-0.11407847,-0.010445756,-0.010445758,0.010444936,0.010444933,-0.017741963,-0.017741963,-3.8747546e-10,-3.8726359e-10,-5.1192696e-05,-5.1192696e-05,-5.0328256e-05,-5.0327841e-05,-8.6482742e-07,-8.6524142e-07,-2.1908366e-08,-2.1888838e-08,-0.11423204,-0.11423204,-0.60153505,-0.60153504,-7.1420274,-7.1420274,-0.66167449,-0.66167449,-3.5345449,-3.5345449,-0.11827973,-0.11827974,0.004201285,0.0042012873,-0.0020891512,-0.0020891517,-0.020746876,-0.020746876,4.5671492,4.5671492,-4.5864179,-4.5864179,0.00038100345,0.00038100345,-1.4953306e-16,-1.4963759e-16,-3.5294891e-19,-3.6270288e-19,3.7931638e-16,3.9063134e-16,-3.9389124e-18,-3.941953e-18,9.0227153e-16,9.0290239e-16,4.3419916e-06,1.9014083e-09,2.0180605e-07,2.0180605e-07
-0.0044790551,-0.0044790555,-0.010473662,-0.010473662,-0.014952717,-0.014952717,0.12470148,0.12470148,0.12918053,0.12918053,0.035879459,0.035882584,-0.035909821,-0.035909821,0.035882585,0.035882585,-0.035909681,-0.035909681,-6.9878165e-07,-6.9877887e-07,-7.7373846e-20,-7.4855786e-20,1.607308e-08,1.6071906e-08,-0.11412848,-0.11412848,-0.00034778352,-0.00034778225,-0.00034778352,-0.00034778225,-7.5022895e-05,-7.5022895e-05,0.028264779,0.028264778,-0.02836413,-0.02836413,0.008902599,0.0089025987,-0.019377083,-0.019377083,0.01936218,0.01936218,-0.0089870477,-0.0089870477,-0.010474483,-0.010474484,0.010375132,0.010375132,-0.010474483,-0.010474484,0.010375132,0.010375132,-0.017791117,-0.017791117,-0.096337349,-0.096337349,-0.017791117,-0.017791117,-0.096337349,-0.096337349,1.6073089e-08,1.6071915e-08,-0.11412848,-0.11412848,-0.010474467,-0.010474468,0.010473662,0.010473662,-0.017791133,-0.017791133,-3.7862921e-10,-3.7835653e-10,-5.0015264e-05,-5.0015264e-05,-4.9170595e-05,-4.9170301e-05,-8.4504748e-07,-8.4534087e-07,-2.1411217e-08,-2.1385396e-08,-0.11427853,-0.11427853,-0.61386812,-0.6138681,-7.1448146,-7.1448146,-0.67524118,-0.67524118,-3.5358522,-3.5358522,-0.11860754,-0.11860754,0.0044790711,0.0044790715,-0.0020948935,-0.0020948936,-0.02075067,-0.02075067,4.5691515,4.5691515,-4.5897091,-4.5897091,0.00037224037,0.00037224037,-1.4954052e-16,-1.496346e-16,-3.5359092e-19,-3.6285718e-19,3.7987499e-16,3.906242e-16,-3.9364615e-18,-3.939198e-18,9.0231572e-16,9.0288349e-16,4.2985717e-06,1.8823943e-09,1.9262972e-07,1.9262972e-07
-0.0047504519,-0.004750451,-0.010501728,-0.010501729,-0.01525218,-0.01525218,0.12477613,0.12477613,0.12952658,0.12952658,0.035975996,0.03597909,-0.036005698,-0.036005697,0.035979091,0.035979091,-0.036005564,-0.036005564,-6.8270856e-07,-6.8270696e-07,-7.1474252e-20,-6.9207998e-20,1.5703141e-08,1.5702252e-08,-0.11417735,-0.11417735,-0.00033978397,-0.00033978325,-0.00033978397,-0.00033978325,-7.3297369e-05,-7.3297369e-05,0.028340885,0.028340885,-0.028437952,-0.028437952,0.0089264557,0.0089264564,-0.019428989,-0.019428989,0.019414429,0.019414429,-0.0090089632,-0.0090089632,-0.010502533,-0.010502533,0.010405466,0.010405466,-0.010502533,-0.010502533,0.010405466,0.010405466,-0.017839156,-0.017839156,-0.096338174,-0.096338174,-0.017839156,-0.017839156,-0.096338174,-0.096338174,1.5703151e-08,1.5702261e-08,-0.11417735,-0.11417735,-0.010502518,-0.010502517,0.010501728,0.010501729,-0.017839172,-0.017839172,-3.6993866e-10,-3.6965433e-10,-4.8864912e-05,-4.8864912e-05,-4.8039574e-05,-4.8039384e-05,-8.2570853e-07,-8.2589803e-07,-2.0920791e-08,-2.0893532e-08,-0.11432394,-0.11432394,-0.62591753,-0.62591751,-7.1475376,-7.1475376,-0.68849585,-0.68849585,-3.5371295,-3.5371295,-0.1189278,-0.1189278,0.0047504676,0.0047504667,-0.0021005035,-0.0021005034,-0.020754376,-0.020754376,4.5711078,4.5711078,-4.5929263,-4.5929263,0.00036367884,0.00036367884,-1.4954701e-16,-1.4963168e-16,-3.5420498e-19,-3.6300794e-19,3.8040535e-16,3.906171e-16,-3.9340435e-18,-3.9365064e-18,9.0235404e-16,9.0286503e-16,4.255586e-06,1.8635704e-09,1.8387066e-07,1.8387066e-07
-0.005015606,-0.0050156045,-0.01052915,-0.010529151,-0.015544756,-0.015544756,0.12484906,0.12484906,0.12986466,0.12986466,0.036070313,0.036073376,-0.036099369,-0.036099369,0.036073377,0.036073377,-0.036099241,-0.036099241,-6.6700541e-07,-6.670047e-07,-6.5729737e-20,-6.3690109e-20,1.5341725e-08,1.53411e-08,-0.11422509,-0.11422509,-0.00033196853,-0.00033196824,-0.00033196853,-0.00033196824,-7.1611529e-05,-7.1611529e-05,0.028415241,0.028415242,-0.028510076,-0.028510076,0.0089497642,0.0089497655,-0.019479702,-0.019479702,0.019465476,0.019465476,-0.0090303746,-0.0090303746,-0.010529938,-0.010529936,0.010435102,0.010435102,-0.010529938,-0.010529936,0.010435102,0.010435102,-0.017886091,-0.017886091,-0.096338981,-0.096338981,-0.017886091,-0.017886091,-0.096338981,-0.096338981,1.5341735e-08,1.5341109e-08,-0.11422509,-0.11422509,-0.010529922,-0.010529921,0.01052915,0.010529151,-0.017886106,-0.017886106,-3.6141637e-10,-3.6115229e-10,-4.7741019e-05,-4.7741019e-05,-4.6934585e-05,-4.6934478e-05,-8.0679624e-07,-8.0690237e-07,-2.0438501e-08,-2.0412982e-08,-0.11436831,-0.11436831,-0.6376898,-0.63768978,-7.1501981,-7.1501981,-0.70144565,-0.70144565,-3.5383774,-3.5383774,-0.11924069,-0.11924069,0.0050156214,0.0050156198,-0.0021059845,-0.0021059842,-0.020757997,-0.020757997,4.5730192,4.5730192,-4.5960712,-4.5960712,0.00035531423,0.00035531423,-1.4955262e-16,-1.4962883e-16,-3.5479241e-19,-3.6315522e-19,3.8090889e-16,3.9061005e-16,-3.93166e-18,-3.9338766e-18,9.023871e-16,9.02847e-16,4.2130301e-06,1.8449348e-09,1.7550987e-07,1.7550987e-07
-0.0052746613,-0.0052746594,-0.010555941,-0.010555943,-0.015830602,-0.015830602,0.12492031,0.12492031,0.13019497,0.13019497,0.036162461,0.036165494,-0.036190886,-0.036190886,0.036165495,0.036165495,-0.036190764,-0.036190764,-6.5166368e-07,-6.5166359e-07,-6.0134795e-20,-5.8299129e-20,1.4988654e-08,1.4988254e-08,-0.11427173,-0.11427173,-0.00032433297,-0.00032433297,-0.00032433297,-0.00032433297,-6.9964464e-05,-6.9964464e-05,0.028487887,0.028487888,-0.028580542,-0.028580541,0.0089725368,0.0089725384,-0.019529248,-0.019529248,0.01951535,0.01951535,-0.0090512935,-0.0090512935,-0.010556711,-0.010556709,0.010464056,0.010464056,-0.010556711,-0.010556709,0.010464056,0.010464056,-0.017931946,-0.017931946,-0.096339769,-0.09633977,-0.017931946,-0.017931946,-0.096339769,-0.09633977,1.4988663e-08,1.4988264e-08,-0.11427173,-0.11427173,-0.010556696,-0.010556694,0.010555941,0.010555943,-0.017931961,-0.017931961,-3.5307163e-10,-3.5284579e-10,-4.6642976e-05,-4.6642976e-05,-4.5855029e-05,-4.5854985e-05,-7.8829993e-07,-7.8834362e-07,-1.9965442e-08,-1.9943484e-08,-0.11441166,-0.11441166,-0.6491913,-0.64919129,-7.1527973,-7.1527973,-0.71409761,-0.71409761,-3.5395965,-3.5395965,-0.11954639,-0.11954639,0.0052746762,0.0052746744,-0.0021113393,-0.0021113389,-0.020761535,-0.020761535,4.5748865,4.5748865,-4.5991454,-4.5991454,0.000347142,0.000347142,-1.4955745e-16,-1.4962604e-16,-3.5535444e-19,-3.6329911e-19,3.8138695e-16,3.9060306e-16,-3.9293124e-18,-3.9313074e-18,9.0241547e-16,9.0282938e-16,4.1708998e-06,1.8264855e-09,1.6752926e-07,1.6752926e-07
-0.0055277579,-0.0055277561,-0.010582116,-0.010582118,-0.016109874,-0.016109874,0.12498993,0.12498993,0.13051768,0.13051768,0.036252491,0.036255493,-0.036280299,-0.036280298,0.036255494,0.036255494,-0.036280182,-0.036280182,-6.3667501e-07,-6.3667533e-07,-5.468424e-20,-5.3032141e-20,1.4643744e-08,1.4643524e-08,-0.1143173,-0.1143173,-0.00031687313,-0.00031687331,-0.00031687313,-0.00031687331,-6.8355281e-05,-6.8355281e-05,0.028558862,0.028558864,-0.028649386,-0.028649386,0.008994786,0.0089947876,-0.019577655,-0.019577654,0.019564076,0.019564076,-0.0090717313,-0.0090717313,-0.010582869,-0.010582867,0.010492345,0.010492345,-0.010582869,-0.010582867,0.010492345,0.010492345,-0.017976746,-0.017976746,-0.09634054,-0.09634054,-0.017976746,-0.017976746,-0.09634054,-0.09634054,1.4643753e-08,1.4643534e-08,-0.1143173,-0.1143173,-0.010582854,-0.010582852,0.010582116,0.010582118,-0.017976761,-0.017976761,-3.4491037e-10,-3.4473034e-10,-4.5570188e-05,-4.5570188e-05,-4.4800321e-05,-4.4800321e-05,-7.7021133e-07,-7.7021171e-07,-1.9502388e-08,-1.9484785e-08,-0.11445401,-0.11445401,-0.66042827,-0.66042826,-7.1553368,-7.1553368,-0.72645858,-0.72645858,-3.5407877,-3.5407877,-0.11984506,-0.11984506,0.0055277726,0.0055277707,-0.0021165708,-0.0021165705,-0.020764991,-0.020764991,4.5767109,4.5767109,-4.6021505,-4.6021505,0.00033915774,0.00033915774,-1.4956158e-16,-1.4962331e-16,-3.5589225e-19,-3.6343968e-19,3.8184083e-16,3.9059613e-16,-3.9270018e-18,-3.9287972e-18,9.0243965e-16,9.0281216e-16,4.1291908e-06,1.8082207e-09,1.5991154e-07,1.5991154e-07
-0.0057750332,-0.0057750315,-0.010607689,-0.010607691,-0.016382722,-0.016382722,0.12505794,0.12505794,0.13083297,0.13083297,0.03634045,0.036343422,-0.036367655,-0.036367654,0.036343423,0.036343423,-0.036367544,-0.036367543,-6.2203126e-07,-6.220318e-07,-4.9373182e-20,-4.7886293e-20,1.4306809e-08,1.4306723e-08,-0.11436182,-0.11436182,-0.00030958495,-0.00030958523,-0.00030958495,-0.00030958523,-6.678311e-05,-6.678311e-05,0.028628205,0.028628207,-0.028716647,-0.028716647,0.0090165236,0.009016525,-0.019624948,-0.019624948,0.019611682,0.019611682,-0.009091699,-0.009091699,-0.010608424,-0.010608423,0.010519983,0.010519983,-0.010608424,-0.010608423,0.010519983,0.010519983,-0.018020516,-0.018020516,-0.096341292,-0.096341292,-0.018020516,-0.018020516,-0.096341292,-0.096341292,1.4306818e-08,1.4306732e-08,-0.11436182,-0.11436182,-0.01060841,-0.010608408,0.010607689,0.010607691,-0.018020531,-0.01802053,-3.3693548e-10,-3.3680154e-10,-4.4522073e-05,-4.4522073e-05,-4.3769887e-05,-4.3769913e-05,-7.525236e-07,-7.5249684e-07,-1.9049809e-08,-1.9036635e-08,-0.11449539,-0.11449539,-0.67140679,-0.67140679,-7.1578178,-7.1578178,-0.73853524,-0.73853524,-3.5419514,-3.5419514,-0.12013686,-0.12013685,0.0057750475,0.0057750458,-0.002121682,-0.0021216817,-0.020768368,-0.020768368,4.5784934,4.5784934,-4.6050879,-4.6050879,0.00033135711,0.00033135711,-1.4956509e-16,-1.4962065e-16,-3.5640696e-19,-3.6357702e-19,3.8227172e-16,3.9058926e-16,-3.9247289e-18,-3.9263448e-18,9.0246008e-16,9.0279534e-16,4.0878989e-06,1.7901385e-09,1.526402e-07,1.526402e-07
-0.006016621,-0.0060166196,-0.010632674,-0.010632676,-0.016649295,-0.016649295,0.12512439,0.12512439,0.13114101,0.13114101,0.036426387,0.036429329,-0.036453001,-0.036453001,0.03642933,0.03642933,-0.036452895,-0.036452895,-6.0772445e-07,-6.0772507e-07,-4.4196999e-20,-4.2858799e-20,1.3977662e-08,1.3977668e-08,-0.11440532,-0.11440532,-0.00030246446,-0.00030246476,-0.00030246446,-0.00030246476,-6.5247098e-05,-6.5247098e-05,0.028695954,0.028695955,-0.028782361,-0.028782361,0.0090377613,0.0090377624,-0.019671154,-0.019671153,0.019658192,0.019658192,-0.0091112075,-0.0091112075,-0.010633392,-0.010633391,0.010546985,0.010546985,-0.010633392,-0.010633391,0.010546985,0.010546985,-0.018063279,-0.018063279,-0.096342027,-0.096342028,-0.018063279,-0.018063279,-0.096342027,-0.096342028,1.3977671e-08,1.3977677e-08,-0.11440532,-0.11440532,-0.010633378,-0.010633377,0.010632674,0.010632676,-0.018063293,-0.018063293,-3.2914723e-10,-3.2905511e-10,-4.3498066e-05,-4.3498066e-05,-4.2763164e-05,-4.2763205e-05,-7.3523056e-07,-7.3518942e-07,-1.8607919e-08,-1.8598793e-08,-0.11453581,-0.11453581,-0.68213281,-0.6821328,-7.1602418,-7.1602418,-0.75033414,-0.75033414,-3.5430884,-3.5430884,-0.12042194,-0.12042194,0.006016635,0.0060166336,-0.0021266757,-0.0021266754,-0.020771667,-0.020771667,4.5802348,4.5802348,-4.6079592,-4.6079592,0.00032373589,0.00032373589,-1.4956805e-16,-1.4961805e-16,-3.5689964e-19,-3.637112e-19,3.8268079e-16,3.9058245e-16,-3.9224944e-18,-3.9239488e-18,9.0247717e-16,9.0277891e-16,4.0470199e-06,1.7722372e-09,1.456995e-07,1.456995e-07
-0.0062526523,-0.0062526512,-0.010657085,-0.010657086,-0.016909737,-0.016909737,0.12518931,0.12518931,0.13144196,0.13144196,0.036510347,0.03651326,-0.036536385,-0.036536385,0.036513261,0.036513261,-0.036536284,-0.036536284,-5.9374678e-07,-5.9374739e-07,-3.9151316e-20,-3.7946936e-20,1.3656118e-08,1.3656181e-08,-0.11444782,-0.11444782,-0.00029550777,-0.00029550808,-0.00029550777,-0.00029550808,-6.3746415e-05,-6.3746415e-05,0.028762144,0.028762145,-0.028846563,-0.028846563,0.0090585105,0.0090585114,-0.019716296,-0.019716296,0.019703633,0.019703633,-0.0091302672,-0.0091302672,-0.010657786,-0.010657785,0.010573366,0.010573366,-0.010657786,-0.010657785,0.010573366,0.010573366,-0.018105059,-0.018105059,-0.096342746,-0.096342746,-0.018105059,-0.018105059,-0.096342746,-0.096342746,1.3656128e-08,1.3656191e-08,-0.11444782,-0.11444782,-0.010657772,-0.010657771,0.010657085,0.010657086,-0.018105073,-0.018105072,-3.2154388e-10,-3.2148685e-10,-4.249761e-05,-4.249761e-05,-4.1779605e-05,-4.1779652e-05,-7.1832623e-07,-7.1828006e-07,-1.8176731e-08,-1.8171022e-08,-0.11457531,-0.11457531,-0.69261212,-0.69261212,-7.1626101,-7.1626101,-0.76186166,-0.76186166,-3.5441992,-3.5441992,-0.12070047,-0.12070047,0.0062526659,0.0062526648,-0.0021315544,-0.0021315542,-0.02077489,-0.02077489,4.5819362,4.5819362,-4.6107657,-4.6107657,0.00031628997,0.00031628997,-1.495705e-16,-1.496155e-16,-3.5737131e-19,-3.6384229e-19,3.8306914e-16,3.9057572e-16,-3.9202989e-18,-3.9216078e-18,9.0249129e-16,9.0276286e-16,4.0065497e-06,1.7545149e-09,1.390744e-07,1.390744e-07
-0.0064832548,-0.006483254,-0.010680934,-0.010680935,-0.017164189,-0.017164189,0.12525274,0.12525274,0.13173599,0.13173599,0.036592377,0.03659526,-0.036617852,-0.036617852,0.036595261,0.036595261,-0.036617755,-0.036617755,-5.8009065e-07,-5.800912e-07,-3.4231987e-20,-3.3148045e-20,1.3341996e-08,1.3342089e-08,-0.11448934,-0.11448934,-0.00028871112,-0.00028871139,-0.00028871112,-0.00028871139,-6.2280248e-05,-6.2280248e-05,0.028826812,0.028826812,-0.028909289,-0.028909289,0.0090787825,0.0090787832,-0.019760401,-0.019760401,0.019748029,0.019748029,-0.0091488886,-0.0091488886,-0.010681618,-0.010681617,0.01059914,0.01059914,-0.010681618,-0.010681617,0.01059914,0.01059914,-0.018145878,-0.018145878,-0.096343448,-0.096343448,-0.018145878,-0.018145878,-0.096343448,-0.096343448,1.3342006e-08,1.3342099e-08,-0.11448934,-0.11448934,-0.010681605,-0.010681604,0.010680934,0.010680935,-0.018145891,-0.018145891,-3.141222e-10,-3.1409265e-10,-4.1520165e-05,-4.1520165e-05,-4.0818675e-05,-4.081872e-05,-7.0180445e-07,-7.0175962e-07,-1.7756107e-08,-1.7753089e-08,-0.1146139,-0.1146139,-0.70285042,-0.70285041,-7.1649238,-7.1649238,-0.77312406,-0.77312406,-3.5452845,-3.5452845,-0.12097259,-0.12097259,0.0064832682,0.0064832674,-0.002136321,-0.0021363208,-0.02077804,-0.02077804,4.5835985,4.5835985,-4.613509,-4.613509,0.0003090153,0.0003090153,-1.4957252e-16,-1.4961302e-16,-3.5782293e-19,-3.6397036e-19,3.8343781e-16,3.9056905e-16,-3.9181428e-18,-3.9193208e-18,9.0250276e-16,9.0274717e-16,3.9664842e-06,1.7369698e-09,1.3275055e-07,1.3275055e-07
-0.0067085536,-0.006708553,-0.010704235,-0.010704235,-0.017412788,-0.017412788,0.12531471,0.12531471,0.13202326,0.13202326,0.03667252,0.036675375,-0.036697444,-0.036697444,0.036675376,0.036675376,-0.036697352,-0.036697352,-5.6674864e-07,-5.667491e-07,-2.9435076e-20,-2.8459528e-20,1.3035118e-08,1.3035221e-08,-0.1145299,-0.1145299,-0.00028207081,-0.00028207103,-0.00028207081,-0.00028207103,-6.0847802e-05,-6.0847802e-05,0.028889992,0.028889993,-0.028970573,-0.028970572,0.0090985883,0.0090985887,-0.019803491,-0.019803491,0.019791404,0.019791404,-0.0091670817,-0.0091670817,-0.010704903,-0.010704902,0.010624322,0.010624322,-0.010704903,-0.010704902,0.010624322,0.010624322,-0.018185758,-0.018185757,-0.096344133,-0.096344133,-0.018185758,-0.018185757,-0.096344133,-0.096344133,1.3035128e-08,1.303523e-08,-0.1145299,-0.1145299,-0.01070489,-0.010704889,0.010704235,0.010704235,-0.018185771,-0.01818577,-3.0687801e-10,-3.0686852e-10,-4.0565201e-05,-4.0565201e-05,-3.9879849e-05,-3.9879889e-05,-6.8565881e-07,-6.8561915e-07,-1.7345811e-08,-1.7344769e-08,-0.1146516,-0.1146516,-0.71285323,-0.71285323,-7.1671844,-7.1671844,-0.78412741,-0.78412741,-3.5463448,-3.5463448,-0.12123846,-0.12123846,0.0067085666,0.0067085661,-0.0021409779,-0.0021409778,-0.020781116,-0.020781116,4.5852225,4.5852225,-4.6161905,-4.6161905,0.00030190795,0.00030190795,-1.4957414e-16,-1.4961059e-16,-3.5825542e-19,-3.6409548e-19,3.8378778e-16,3.9056247e-16,-3.9160261e-18,-3.9170863e-18,9.0251188e-16,9.0273184e-16,3.9268194e-06,1.7196002e-09,1.2671425e-07,1.2671425e-07
-0.0069286704,-0.0069286701,-0.010726999,-0.010726999,-0.01765567,-0.01765567,0.12537525,0.12537525,0.13230392,0.13230392,0.03675082,0.036753646,-0.036775207,-0.036775207,0.036753648,0.036753648,-0.036775119,-0.036775119,-5.5371352e-07,-5.5371387e-07,-2.475684e-20,-2.3878847e-20,1.2735312e-08,1.2735411e-08,-0.11456954,-0.11456954,-0.00027558323,-0.00027558339,-0.00027558323,-0.00027558339,-5.9448302e-05,-5.9448302e-05,0.028951719,0.02895172,-0.029030446,-0.029030446,0.0091179385,0.0091179387,-0.01984559,-0.01984559,0.019833781,0.019833781,-0.0091848564,-0.0091848564,-0.010727651,-0.010727651,0.010648924,0.010648924,-0.010727651,-0.010727651,0.010648924,0.010648924,-0.01822472,-0.01822472,-0.096344803,-0.096344803,-0.01822472,-0.01822472,-0.096344803,-0.096344803,1.2735322e-08,1.273542e-08,-0.11456954,-0.11456954,-0.010727639,-0.010727638,0.010726999,0.010726999,-0.018224733,-0.018224733,-2.9980657e-10,-2.9981055e-10,-3.9632202e-05,-3.9632202e-05,-3.8962619e-05,-3.8962652e-05,-6.6988249e-07,-6.6984991e-07,-1.6945544e-08,-1.694584e-08,-0.11468843,-0.11468843,-0.72262598,-0.72262598,-7.169393,-7.169393,-0.79487769,-0.79487769,-3.5473807,-3.5473807,-0.12149821,-0.12149821,0.0069286832,0.0069286829,-0.0021455277,-0.0021455277,-0.020784122,-0.020784122,4.5868092,4.5868092,-4.6188114,-4.6188114,0.00029496406,0.00029496406,-1.4957542e-16,-1.4960822e-16,-3.5866966e-19,-3.6421772e-19,3.8412001e-16,3.9055596e-16,-3.913949e-18,-3.9149032e-18,9.025189e-16,9.0271687e-16,3.8875512e-06,1.7024042e-09,1.2095242e-07,1.2095242e-07
-0.0071437247,-0.0071437245,-0.01074924,-0.01074924,-0.017892965,-0.017892965,0.1254344,0.1254344,0.13257813,0.13257812,0.03682732,0.036830118,-0.03685118,-0.03685118,0.036830119,0.036830119,-0.036851096,-0.036851096,-5.409782e-07,-5.4097845e-07,-2.0193714e-20,-1.940352e-20,1.2442409e-08,1.2442496e-08,-0.11460826,-0.11460826,-0.00026924486,-0.00026924498,-0.00026924486,-0.00026924498,-5.8080991e-05,-5.8080991e-05,0.029012027,0.029012027,-0.029088943,-0.029088943,0.0091368436,0.0091368437,-0.019886721,-0.019886721,0.019875183,0.019875183,-0.0092022222,-0.0092022222,-0.010749877,-0.010749877,0.010672961,0.010672961,-0.010749877,-0.010749877,0.010672961,0.010672961,-0.018262787,-0.018262787,-0.096345458,-0.096345458,-0.018262787,-0.018262787,-0.096345458,-0.096345458,1.2442419e-08,1.2442505e-08,-0.11460826,-0.11460826,-0.010749865,-0.010749864,0.01074924,0.01074924,-0.018262799,-0.018262799,-2.9290289e-10,-2.9291491e-10,-3.8720661e-05,-3.8720661e-05,-3.8066486e-05,-3.8066511e-05,-6.5446836e-07,-6.5444336e-07,-1.6554982e-08,-1.6556086e-08,-0.11472442,-0.11472442,-0.73217395,-0.73217395,-7.1715507,-7.1715507,-0.80538072,-0.80538072,-3.5483928,-3.5483928,-0.12175198,-0.12175198,0.0071437371,0.007143737,-0.0021499729,-0.0021499729,-0.020787059,-0.020787059,4.5883594,4.5883594,-4.6213732,-4.6213732,0.00028817989,0.00028817989,-1.4957638e-16,-1.4960591e-16,-3.5906649e-19,-3.6433715e-19,3.8443537e-16,3.9054952e-16,-3.9119116e-18,-3.9127703e-18,9.0252407e-16,9.0270224e-16,3.8486757e-06,1.6853802e-09,1.154526e-07,1.154526e-07
-0.0073538327,-0.0073538327,-0.01077097,-0.01077097,-0.018124802,-0.018124802,0.12549219,0.12549219,0.13284602,0.13284602,0.036902061,0.036904831,-0.036925407,-0.036925407,0.036904832,0.036904832,-0.036925327,-0.036925327,-5.2853578e-07,-5.2853595e-07,-1.57423e-20,-1.5031126e-20,1.2156248e-08,1.2156318e-08,-0.11464609,-0.11464609,-0.00026305226,-0.00026305234,-0.00026305226,-0.00026305234,-5.6745129e-05,-5.6745129e-05,0.029070947,0.029070947,-0.029146094,-0.029146094,0.0091553138,0.0091553138,-0.019926905,-0.019926905,0.019915633,0.019915633,-0.0092191886,-0.0092191886,-0.010771592,-0.010771592,0.010696445,0.010696445,-0.010771592,-0.010771592,0.010696445,0.010696445,-0.018299978,-0.018299978,-0.096346097,-0.096346097,-0.018299978,-0.018299978,-0.096346097,-0.096346097,1.2156257e-08,1.2156328e-08,-0.11464609,-0.11464609,-0.010771579,-0.010771579,0.01077097,0.01077097,-0.01829999,-0.01829999,-2.8616198e-10,-2.8617787e-10,-3.7830086e-05,-3.7830086e-05,-3.7190963e-05,-3.7190981e-05,-6.3940899e-07,-6.3939116e-07,-1.6173794e-08,-1.6175297e-08,-0.11475958,-0.11475958,-0.74150232,-0.74150232,-7.1736589,-7.1736589,-0.81564217,-0.81564217,-3.5493816,-3.5493816,-0.12199992,-0.12199992,0.0073538449,0.0073538449,-0.0021543159,-0.0021543159,-0.020789928,-0.020789928,4.5898739,4.5898739,-4.6238771,-4.6238771,0.00028155175,0.00028155175,-1.4957707e-16,-1.4960364e-16,-3.594467e-19,-3.6445382e-19,3.8473473e-16,3.9054317e-16,-3.9099136e-18,-3.9106865e-18,9.025276e-16,9.0268795e-16,3.8101889e-06,1.6685265e-09,1.1020285e-07,1.1020285e-07
-0.0075591083,-0.0075591084,-0.010792199,-0.010792199,-0.018351307,-0.018351307,0.12554865,0.12554865,0.13310776,0.13310776,0.036975083,0.036977825,-0.036997926,-0.036997926,0.036977826,0.036977826,-0.036997849,-0.036997849,-5.1637952e-07,-5.1637962e-07,-1.1399353e-20,-1.0759296e-20,1.1876669e-08,1.1876723e-08,-0.11468305,-0.11468305,-0.00025700209,-0.00025700214,-0.00025700209,-0.00025700214,-5.5439991e-05,-5.5439991e-05,0.029128512,0.029128512,-0.029201931,-0.029201931,0.0091733592,0.0091733591,-0.019966166,-0.019966166,0.019955153,0.019955153,-0.0092357648,-0.0092357648,-0.010792807,-0.010792807,0.010719388,0.010719388,-0.010792807,-0.010792807,0.010719388,0.010719388,-0.018336313,-0.018336313,-0.096346722,-0.096346722,-0.018336313,-0.018336313,-0.096346722,-0.096346722,1.1876679e-08,1.1876732e-08,-0.11468305,-0.11468305,-0.010792795,-0.010792795,0.010792199,0.010792199,-0.018336325,-0.018336325,-2.7957901e-10,-2.7959578e-10,-3.6959994e-05,-3.6959994e-05,-3.6335577e-05,-3.6335588e-05,-6.2469678e-07,-6.2468516e-07,-1.5801659e-08,-1.5803266e-08,-0.11479393,-0.11479393,-0.75061614,-0.75061614,-7.1757185,-7.1757185,-0.82566761,-0.82566761,-3.5503477,-3.5503477,-0.12224216,-0.12224216,0.0075591202,0.0075591203,-0.002158559,-0.002158559,-0.020792732,-0.020792732,4.5913536,4.5913536,-4.6263245,-4.6263245,0.00027507606,0.00027507606,-1.4957752e-16,-1.4960143e-16,-3.5981105e-19,-3.6456781e-19,3.8501888e-16,3.905369e-16,-3.907955e-18,-3.9086506e-18,9.0252967e-16,9.0267399e-16,3.772087e-06,1.6518412e-09,1.0519182e-07,1.0519182e-07
-0.0077596626,-0.0077596627,-0.01081294,-0.01081294,-0.018572603,-0.018572603,0.12560382,0.12560382,0.13336348,0.13336348,0.037046426,0.037049141,-0.037068777,-0.037068777,0.037049142,0.037049142,-0.037068704,-0.037068704,-5.0450284e-07,-5.0450289e-07,-7.1617693e-21,-6.5857182e-21,1.160352e-08,1.1603558e-08,-0.11471916,-0.11471916,-0.00025109107,-0.00025109109,-0.00025109107,-0.00025109109,-5.4164871e-05,-5.4164871e-05,0.029184753,0.029184753,-0.029256483,-0.029256483,0.0091909895,0.0091909894,-0.020004523,-0.020004523,0.019993764,0.019993764,-0.0092519598,-0.0092519598,-0.010813534,-0.010813534,0.010741804,0.010741804,-0.010813534,-0.010813534,0.010741804,0.010741804,-0.018371813,-0.018371813,-0.096347332,-0.096347332,-0.018371813,-0.018371813,-0.096347332,-0.096347332,1.1603529e-08,1.1603568e-08,-0.11471916,-0.11471916,-0.010813522,-0.010813522,0.01081294,0.01081294,-0.018371825,-0.018371825,-2.7314938e-10,-2.7316508e-10,-3.6109914e-05,-3.6109914e-05,-3.5499863e-05,-3.549987e-05,-6.1032401e-07,-6.1031741e-07,-1.5438275e-08,-1.5439792e-08,-0.11482749,-0.11482749,-0.75952034,-0.75952034,-7.1777308,-7.1777308,-0.83546246,-0.83546246,-3.5512916,-3.5512916,-0.12247882,-0.12247882,0.0077596742,0.0077596743,-0.0021627045,-0.0021627045,-0.02079547,-0.02079547,4.5927993,4.5927993,-4.6287166,-4.6287166,0.00026874931,0.00026874931,-1.4957775e-16,-1.4959927e-16,-3.6016026e-19,-3.6467918e-19,3.8528859e-16,3.9053072e-16,-3.9060355e-18,-3.9066616e-18,9.0253046e-16,9.0266035e-16,3.7343661e-06,1.6353229e-09,1.0040864e-07,1.0040864e-07
-0.0079556042,-0.0079556043,-0.010833205,-0.010833205,-0.018788809,-0.018788809,0.12565771,0.12565771,0.13361331,0.13361331,0.037116128,0.037118816,-0.037137999,-0.037137999,0.037118817,0.037118817,-0.03713793,-0.03713793,-4.9289932e-07,-4.9289932e-07,-3.0265782e-21,-2.5081322e-21,1.1336651e-08,1.1336676e-08,-0.11475444,-0.11475444,-0.00024531599,-0.00024531599,-0.00024531599,-0.00024531599,-5.2919079e-05,-5.2919079e-05,0.029239701,0.029239701,-0.029309781,-0.029309781,0.0092082143,0.0092082142,-0.020041999,-0.020041999,0.020031487,0.020031487,-0.0092677822,-0.0092677822,-0.010833784,-0.010833785,0.010763704,0.010763704,-0.010833784,-0.010833785,0.010763704,0.010763704,-0.018406496,-0.018406496,-0.096347928,-0.096347928,-0.018406496,-0.018406496,-0.096347928,-0.096347928,1.1336661e-08,1.1336685e-08,-0.11475444,-0.11475444,-0.010833773,-0.010833773,0.010833205,0.010833205,-0.018406508,-0.018406508,-2.6686878e-10,-2.6688229e-10,-3.5279386e-05,-3.5279386e-05,-3.468337e-05,-3.4683373e-05,-5.9628294e-07,-5.9628011e-07,-1.5083364e-08,-1.5084677e-08,-0.11486027,-0.11486027,-0.76821975,-0.76821975,-7.1796968,-7.1796968,-0.84503204,-0.84503204,-3.5522137,-3.5522137,-0.12271004,-0.12271004,0.0079556155,0.0079556156,-0.0021667546,-0.0021667546,-0.020798146,-0.020798146,4.5942117,4.5942117,-4.6310545,-4.6310545,0.00026256808,0.00026256808,-1.4957779e-16,-1.4959716e-16,-3.6049501e-19,-3.6478799e-19,3.855446e-16,3.9052461e-16,-3.9041548e-18,-3.9047182e-18,9.0253012e-16,9.0264702e-16,3.6970225e-06,1.6189697e-09,9.5842959e-08,9.5842959e-08
-0.0081470391,-0.0081470392,-0.010853003,-0.010853003,-0.019000042,-0.019000042,0.12571036,0.12571036,0.1338574,0.1338574,0.037184228,0.037186888,-0.037205629,-0.037205629,0.03718689,0.03718689,-0.037205563,-0.037205563,-4.8156266e-07,-4.8156264e-07,1.0090683e-21,1.4756697e-21,1.1075918e-08,1.1075932e-08,-0.1147889,-0.1147889,-0.00023967374,-0.00023967373,-0.00023967374,-0.00023967373,-5.170194e-05,-5.170194e-05,0.029293385,0.029293385,-0.029361853,-0.029361853,0.0092250429,0.0092250428,-0.020078612,-0.020078612,0.020068342,0.020068342,-0.0092832408,-0.0092832408,-0.010853569,-0.010853569,0.010785101,0.010785101,-0.010853569,-0.010853569,0.010785101,0.010785101,-0.018440382,-0.018440382,-0.096348511,-0.096348511,-0.018440382,-0.018440382,-0.096348511,-0.096348511,1.1075928e-08,1.1075942e-08,-0.1147889,-0.1147889,-0.010853558,-0.010853558,0.010853003,0.010853003,-0.018440393,-0.018440393,-2.6073317e-10,-2.60744e-10,-3.446796e-05,-3.446796e-05,-3.3885655e-05,-3.3885655e-05,-5.8256586e-07,-5.8256566e-07,-1.4736672e-08,-1.473773e-08,-0.11489231,-0.11489231,-0.77671907,-0.77671907,-7.1816176,-7.1816176,-0.85438151,-0.85438151,-3.5531147,-3.5531147,-0.12293594,-0.12293594,0.0081470502,0.0081470503,-0.0021707116,-0.0021707116,-0.020800761,-0.020800761,4.5955916,4.5955916,-4.6333396,-4.6333396,0.00025652901,0.00025652901,-1.4957767e-16,-1.495951e-16,-3.6081595e-19,-3.6489429e-19,3.8578758e-16,3.905186e-16,-3.9023125e-18,-3.9028196e-18,9.0252879e-16,9.02634e-16,3.6600523e-06,1.60278e-09,9.1484883e-08,9.1484883e-08
-0.0083340711,-0.0083340712,-0.010872345,-0.010872345,-0.019206417,-0.019206417,0.12576181,0.12576181,0.13409588,0.13409588,0.037250761,0.037253395,-0.037271704,-0.037271704,0.037253397,0.037253397,-0.03727164,-0.03727164,-4.7048673e-07,-4.704867e-07,4.9479031e-21,5.3678444e-21,1.082118e-08,1.0821185e-08,-0.11482258,-0.11482258,-0.00023416125,-0.00023416123,-0.00023416125,-0.00023416123,-5.0512795e-05,-5.0512795e-05,0.029345834,0.029345834,-0.029412727,-0.029412727,0.0092414844,0.0092414844,-0.020114383,-0.020114383,0.020104349,0.020104349,-0.0092983438,-0.0092983438,-0.010872899,-0.010872899,0.010806006,0.010806006,-0.010872899,-0.010872899,0.010806006,0.010806006,-0.018473488,-0.018473488,-0.09634908,-0.09634908,-0.018473488,-0.018473488,-0.09634908,-0.09634908,1.082119e-08,1.0821195e-08,-0.11482258,-0.11482258,-0.010872888,-0.010872888,0.010872345,0.010872345,-0.018473499,-0.018473499,-2.5473879e-10,-2.5474689e-10,-3.3675197e-05,-3.3675197e-05,-3.3106287e-05,-3.3106285e-05,-5.6916518e-07,-5.6916665e-07,-1.4397967e-08,-1.4398763e-08,-0.1149236,-0.1149236,-0.7850229,-0.7850229,-7.1834942,-7.1834942,-0.86351595,-0.86351595,-3.5539949,-3.5539949,-0.12315665,-0.12315665,0.0083340819,0.008334082,-0.0021745776,-0.0021745776,-0.020803315,-0.020803315,4.5969398,4.5969398,-4.635573,-4.635573,0.00025062885,0.00025062885,-1.495774e-16,-1.4959309e-16,-3.6112372e-19,-3.6499814e-19,3.860182e-16,3.9051267e-16,-3.9005083e-18,-3.9009647e-18,9.0252659e-16,9.0262127e-16,3.6234517e-06,1.5867522e-09,8.7324974e-08,8.7324974e-08
-0.0085168013,-0.0085168014,-0.010891243,-0.010891243,-0.019408045,-0.019408045,0.12581207,0.12581207,0.13432887,0.13432887,0.037315765,0.037318373,-0.037336259,-0.037336259,0.037318374,0.037318374,-0.037336198,-0.037336198,-4.5966554e-07,-4.596655e-07,8.7925522e-21,9.1704994e-21,1.0572298e-08,1.0572298e-08,-0.11485548,-0.11485548,-0.00022877554,-0.00022877552,-0.00022877554,-0.00022877552,-4.9351001e-05,-4.9351001e-05,0.029397076,0.029397076,-0.029462431,-0.029462431,0.0092575478,0.0092575477,-0.020149332,-0.020149332,0.020139529,0.020139529,-0.0093130994,-0.0093130994,-0.010891784,-0.010891784,0.010826429,0.010826429,-0.010891784,-0.010891784,0.010826429,0.010826429,-0.018505833,-0.018505833,-0.096349636,-0.096349636,-0.018505833,-0.018505833,-0.096349636,-0.096349636,1.0572308e-08,1.0572308e-08,-0.11485548,-0.11485548,-0.010891773,-0.010891774,0.010891243,0.010891243,-0.018505844,-0.018505844,-2.488821e-10,-2.4888772e-10,-3.2900667e-05,-3.2900667e-05,-3.2344843e-05,-3.2344841e-05,-5.5607344e-07,-5.5607582e-07,-1.4067037e-08,-1.4067593e-08,-0.11495418,-0.11495418,-0.79313575,-0.79313575,-7.1853276,-7.1853276,-0.87244029,-0.87244029,-3.5548549,-3.5548549,-0.12337228,-0.12337228,0.0085168118,0.0085168119,-0.0021783547,-0.0021783547,-0.02080581,-0.02080581,4.598257,4.598257,-4.6377559,-4.6377559,0.00024486438,0.00024486438,-1.49577e-16,-1.4959112e-16,-3.6141891e-19,-3.650996e-19,3.8623708e-16,3.9050682e-16,-3.8987416e-18,-3.8991524e-18,9.0252363e-16,9.0260885e-16,3.5872172e-06,1.5708848e-09,8.335422e-08,8.335422e-08
-0.0086953287,-0.0086953288,-0.010909706,-0.010909706,-0.019605035,-0.019605035,0.12586117,0.12586117,0.1345565,0.1345565,0.037379274,0.037381856,-0.037399329,-0.037399329,0.037381857,0.037381857,-0.037399271,-0.037399271,-4.4909323e-07,-4.490932e-07,1.2545541e-20,1.2885693e-20,1.0329138e-08,1.0329135e-08,-0.11488762,-0.11488762,-0.0002235137,-0.00022351368,-0.0002235137,-0.00022351368,-4.8215928e-05,-4.8215928e-05,0.029447141,0.029447141,-0.029510992,-0.029510992,0.0092732417,0.0092732417,-0.020183477,-0.020183477,0.020173899,0.020173899,-0.0093275157,-0.0093275157,-0.010910235,-0.010910235,0.010846383,0.010846383,-0.010910235,-0.010910235,0.010846383,0.010846383,-0.018537434,-0.018537434,-0.096350179,-0.096350179,-0.018537434,-0.018537434,-0.096350179,-0.096350179,1.0329148e-08,1.0329145e-08,-0.11488762,-0.11488762,-0.010910225,-0.010910225,0.010909706,0.010909706,-0.018537444,-0.018537444,-2.4315979e-10,-2.431633e-10,-3.2143952e-05,-3.2143952e-05,-3.1600912e-05,-3.1600909e-05,-5.4328336e-07,-5.4328608e-07,-1.3743688e-08,-1.3744039e-08,-0.11498406,-0.11498406,-0.801062,-0.801062,-7.1871189,-7.1871189,-0.88115937,-0.88115937,-3.5556951,-3.5556951,-0.12358295,-0.12358295,0.008695339,0.0086953391,-0.0021820449,-0.0021820449,-0.020808248,-0.020808248,4.5995439,4.5995439,-4.6398893,-4.6398893,0.0002392325,0.0002392325,-1.4957649e-16,-1.495892e-16,-3.6170207e-19,-3.6519873e-19,3.8644481e-16,3.9050107e-16,-3.8970121e-18,-3.8973818e-18,9.0252e-16,9.025967e-16,3.551345e-06,1.5551759e-09,7.9564021e-08,7.9564021e-08
-0.00886975,-0.00886975,-0.010927745,-0.010927745,-0.019797495,-0.019797495,0.12590915,0.12590915,0.1347789,0.1347789,0.037441323,0.037443878,-0.037460948,-0.037460948,0.03744388,0.03744388,-0.037460893,-0.037460893,-4.3876409e-07,-4.3876405e-07,1.6209301e-20,1.6515438e-20,1.009157e-08,1.0091564e-08,-0.11491903,-0.11491903,-0.00021837289,-0.00021837287,-0.00021837289,-0.00021837287,-4.7106962e-05,-4.7106962e-05,0.029496053,0.029496053,-0.029558436,-0.029558436,0.0092885747,0.0092885747,-0.020216836,-0.020216836,0.020207479,0.020207479,-0.0093416003,-0.0093416003,-0.010928261,-0.010928261,0.010865878,0.010865878,-0.010928261,-0.010928261,0.010865878,0.010865878,-0.018568308,-0.018568308,-0.09635071,-0.09635071,-0.018568308,-0.018568308,-0.09635071,-0.09635071,1.009158e-08,1.0091574e-08,-0.11491903,-0.11491903,-0.010928251,-0.010928251,0.010927745,0.010927745,-0.018568318,-0.018568318,-2.3756869e-10,-2.3757055e-10,-3.1404641e-05,-3.1404641e-05,-3.0874091e-05,-3.0874088e-05,-5.3078784e-07,-5.307905e-07,-1.3427737e-08,-1.3427927e-08,-0.11501324,-0.11501324,-0.80880595,-0.80880595,-7.1888689,-7.1888689,-0.88967792,-0.88967792,-3.5565159,-3.5565159,-0.12378878,-0.12378878,0.0088697601,0.0088697601,-0.0021856502,-0.0021856502,-0.02081063,-0.02081063,4.6008012,4.6008012,-4.6419743,-4.6419743,0.00023373015,0.00023373015,-1.4957588e-16,-1.4958732e-16,-3.6197375e-19,-3.6529557e-19,3.8664196e-16,3.904954e-16,-3.8953192e-18,-3.8956519e-18,9.0251581e-16,9.0258484e-16,3.5158316e-06,1.5396242e-09,7.5946165e-08,7.5946165e-08
-0.0090401596,-0.0090401596,-0.010945369,-0.010945369,-0.019985528,-0.019985528,0.12595602,0.12595602,0.13499618,0.13499618,0.037501944,0.037504475,-0.037521151,-0.037521151,0.037504476,0.037504476,-0.037521098,-0.037521098,-4.2867251e-07,-4.2867248e-07,1.9786176e-20,2.0061699e-20,9.8594643e-09,9.8594583e-09,-0.11494971,-0.11494971,-0.00021335031,-0.00021335029,-0.00021335031,-0.00021335029,-4.6023502e-05,-4.6023502e-05,0.029543841,0.029543841,-0.029604789,-0.029604789,0.009303555,0.009303555,-0.020249428,-0.020249428,0.020240286,0.020240286,-0.0093553611,-0.0093553611,-0.010945873,-0.010945873,0.010884925,0.010884925,-0.010945873,-0.010945873,0.010884925,0.010884925,-0.018598472,-0.018598472,-0.096351229,-0.096351229,-0.018598472,-0.018598472,-0.096351229,-0.096351229,9.8594741e-09,9.8594681e-09,-0.11494971,-0.11494971,-0.010945863,-0.010945863,0.010945369,0.010945369,-0.018598482,-0.018598482,-2.3210579e-10,-2.3210643e-10,-3.0682334e-05,-3.0682334e-05,-3.0163987e-05,-3.0163984e-05,-5.1857995e-07,-5.1858231e-07,-1.3119016e-08,-1.3119085e-08,-0.11504176,-0.11504176,-0.81637178,-0.81637178,-7.1905788,-7.1905788,-0.89800054,-0.89800054,-3.5573179,-3.5573179,-0.12398987,-0.12398987,0.0090401694,0.0090401695,-0.0021891726,-0.0021891727,-0.020812957,-0.020812957,4.6020296,4.6020296,-4.6440122,-4.6440122,0.00022835436,0.00022835436,-1.4957519e-16,-1.4958548e-16,-3.6223445e-19,-3.6539019e-19,3.8682905e-16,3.9048982e-16,-3.8936624e-18,-3.8939618e-18,9.0251112e-16,9.0257325e-16,3.4806733e-06,1.524228e-09,7.2492817e-08,7.2492817e-08
-0.0092066497,-0.0092066498,-0.010962587,-0.010962587,-0.020169237,-0.020169237,0.12600181,0.12600181,0.13520846,0.13520846,0.037561172,0.037563677,-0.037579969,-0.037579969,0.037563678,0.037563678,-0.037579918,-0.037579918,-4.1881304e-07,-4.1881301e-07,2.3278425e-20,2.3526396e-20,9.6326963e-09,9.6326905e-09,-0.11497969,-0.11497969,-0.00020844325,-0.00020844324,-0.00020844325,-0.00020844324,-4.4964961e-05,-4.4964961e-05,0.029590529,0.029590529,-0.029650076,-0.029650076,0.0093181908,0.0093181908,-0.020281271,-0.020281271,0.020272339,0.020272339,-0.0093688053,-0.0093688053,-0.01096308,-0.01096308,0.010903533,0.010903533,-0.01096308,-0.01096308,0.010903533,0.010903533,-0.018627942,-0.018627942,-0.096351735,-0.096351735,-0.018627942,-0.018627942,-0.096351735,-0.096351735,9.6327062e-09,9.6327004e-09,-0.11497969,-0.11497969,-0.01096307,-0.01096307,0.010962587,0.010962587,-0.018627952,-0.018627952,-2.2676817e-10,-2.2676799e-10,-2.9976641e-05,-2.9976641e-05,-2.9470215e-05,-2.9470213e-05,-5.0665297e-07,-5.0665492e-07,-1.2817359e-08,-1.2817347e-08,-0.11506962,-0.11506962,-0.8237636,-0.8237636,-7.1922492,-7.1922492,-0.90613173,-0.90613173,-3.5581015,-3.5581015,-0.12418634,-0.12418634,0.0092066594,0.0092066594,-0.002192614,-0.002192614,-0.020815231,-0.020815231,4.6032297,4.6032297,-4.6460038,-4.6460038,0.00022310221,0.00022310221,-1.4957443e-16,-1.4958369e-16,-3.6248468e-19,-3.6548263e-19,3.870066e-16,3.9048433e-16,-3.8920411e-18,-3.8923106e-18,9.0250601e-16,9.0256192e-16,3.4458665e-06,1.5089857e-09,6.9196496e-08,6.9196496e-08
-0.0093693106,-0.0093693106,-0.010979409,-0.010979409,-0.02034872,-0.02034872,0.12604655,0.12604655,0.13541586,0.13541586,0.037619038,0.037621518,-0.037637434,-0.037637434,0.037621519,0.037621519,-0.037637386,-0.037637386,-4.0918033e-07,-4.0918031e-07,2.6688231e-20,2.6911405e-20,9.4111436e-09,9.4111384e-09,-0.11500897,-0.11500897,-0.00020364905,-0.00020364904,-0.00020364905,-0.00020364904,-4.3930767e-05,-4.3930767e-05,0.029636144,0.029636144,-0.029694321,-0.029694321,0.0093324899,0.0093324899,-0.020312381,-0.020312381,0.020303654,0.020303654,-0.0093819403,-0.0093819403,-0.010979891,-0.010979891,0.010921714,0.010921714,-0.010979891,-0.010979891,0.010921714,0.010921714,-0.018656735,-0.018656735,-0.09635223,-0.09635223,-0.018656735,-0.018656735,-0.09635223,-0.09635223,9.4111535e-09,9.4111483e-09,-0.11500897,-0.11500897,-0.010979881,-0.010979881,0.010979409,0.010979409,-0.018656744,-0.018656744,-2.21553e-10,-2.2155233e-10,-2.9287178e-05,-2.9287178e-05,-2.8792399e-05,-2.8792398e-05,-4.9500035e-07,-4.9500186e-07,-1.2522611e-08,-1.2522549e-08,-0.11509684,-0.11509684,-0.83098541,-0.83098541,-7.1938813,-7.1938813,-0.91407591,-0.91407591,-3.558867,-3.558867,-0.12437829,-0.12437829,0.00936932,0.0093693201,-0.0021959763,-0.0021959763,-0.020817452,-0.020817452,4.6044022,4.6044022,-4.6479503,-4.6479503,0.00021797086,0.00021797086,-1.495736e-16,-1.4958194e-16,-3.6272489e-19,-3.6557294e-19,3.8717508e-16,3.9047892e-16,-3.8904548e-18,-3.8906973e-18,9.0250053e-16,9.0255086e-16,3.4114079e-06,1.4938959e-09,6.6050062e-08,6.6050062e-08
-0.0095282303,-0.0095282303,-0.010995845,-0.010995845,-0.020524075,-0.020524075,0.12609026,0.12609026,0.13561849,0.13561849,0.037675574,0.037678029,-0.037693577,-0.037693577,0.03767803,0.03767803,-0.037693531,-0.037693531,-3.9976918e-07,-3.9976917e-07,3.0017703e-20,3.0218559e-20,9.1946862e-09,9.194682e-09,-0.11503759,-0.11503759,-0.00019896512,-0.00019896511,-0.00019896512,-0.00019896511,-4.2920359e-05,-4.2920359e-05,0.02968071,0.02968071,-0.029737549,-0.029737549,0.0093464602,0.0093464602,-0.020342775,-0.020342775,0.020334249,0.020334249,-0.0093947732,-0.0093947732,-0.010996315,-0.010996315,0.010939476,0.010939476,-0.010996315,-0.010996315,0.010939476,0.010939476,-0.018684865,-0.018684865,-0.096352714,-0.096352714,-0.018684865,-0.018684865,-0.096352714,-0.096352714,9.1946961e-09,9.1946919e-09,-0.11503759,-0.11503759,-0.010996306,-0.010996306,0.010995845,0.010995845,-0.018684874,-0.018684874,-2.1645755e-10,-2.1645662e-10,-2.8613573e-05,-2.8613573e-05,-2.8130174e-05,-2.8130173e-05,-4.8361573e-07,-4.8361682e-07,-1.2234618e-08,-1.2234531e-08,-0.11512343,-0.11512343,-0.83804112,-0.83804112,-7.1954759,-7.1954759,-0.92183738,-0.92183738,-3.5596149,-3.5596149,-0.12456582,-0.12456582,0.0095282395,0.0095282395,-0.0021992612,-0.0021992612,-0.020819622,-0.020819622,4.6055477,4.6055477,-4.6498526,-4.6498526,0.00021295753,0.00021295753,-1.4957272e-16,-1.4958023e-16,-3.6295552e-19,-3.6566117e-19,3.8733495e-16,3.904736e-16,-3.8889029e-18,-3.8891212e-18,9.0249476e-16,9.0254005e-16,3.3772938e-06,1.478957e-09,6.30467e-08,6.30467e-08
-0.0096834949,-0.0096834949,-0.011011902,-0.011011902,-0.020695397,-0.020695397,0.12613297,0.12613297,0.13581646,0.13581646,0.037730809,0.037733239,-0.037748429,-0.037748429,0.037733241,0.037733241,-0.037748386,-0.037748386,-3.9057448e-07,-3.9057448e-07,3.3268878e-20,3.3449649e-20,8.9832073e-09,8.9832041e-09,-0.11506554,-0.11506554,-0.00019438892,-0.00019438892,-0.00019438892,-0.00019438892,-4.1933191e-05,-4.1933191e-05,0.02972425,0.02972425,-0.029779782,-0.029779782,0.0093601091,0.0093601091,-0.020372471,-0.020372471,0.020364141,0.020364141,-0.009407311,-0.009407311,-0.011012362,-0.011012362,0.01095683,0.01095683,-0.011012362,-0.011012362,0.01095683,0.01095683,-0.018712348,-0.018712348,-0.096353186,-0.096353186,-0.018712348,-0.018712348,-0.096353186,-0.096353186,8.9832173e-09,8.983214e-09,-0.11506554,-0.11506554,-0.011012353,-0.011012353,0.011011902,0.011011902,-0.018712357,-0.018712357,-2.1147911e-10,-2.1147813e-10,-2.7955461e-05,-2.7955461e-05,-2.7483179e-05,-2.7483179e-05,-4.7249292e-07,-4.7249363e-07,-1.1953232e-08,-1.1953137e-08,-0.11514941,-0.11514941,-0.84493455,-0.84493455,-7.1970337,-7.1970337,-0.92942033,-0.92942033,-3.5603456,-3.5603456,-0.12474904,-0.12474904,0.0096835038,0.0096835038,-0.0022024705,-0.0022024705,-0.020821743,-0.020821743,4.6066669,4.6066669,-4.6517118,-4.6517118,0.00020805951,0.00020805951,-1.495718e-16,-1.4957855e-16,-3.6317701e-19,-3.6574737e-19,3.8748666e-16,3.9046838e-16,-3.8873848e-18,-3.8875813e-18,9.0248872e-16,9.0252948e-16,3.3435209e-06,1.4641674e-09,6.0179903e-08,6.0179903e-08
-0.0098351883,-0.0098351883,-0.01102759,-0.01102759,-0.020862778,-0.020862778,0.12617469,0.12617469,0.13600988,0.13600988,0.037784774,0.03778718,-0.03780202,-0.03780202,0.037787181,0.037787181,-0.037801978,-0.037801978,-3.8159127e-07,-3.8159126e-07,3.644373e-20,3.6606424e-20,8.7765925e-09,8.7765902e-09,-0.11509286,-0.11509286,-0.00018991797,-0.00018991797,-0.00018991797,-0.00018991797,-4.0968728e-05,-4.0968728e-05,0.029766789,0.029766789,-0.029821044,-0.029821044,0.0093734441,0.0093734442,-0.020401483,-0.020401483,0.020393345,0.020393345,-0.0094195604,-0.0094195604,-0.011028039,-0.011028039,0.010973785,0.010973785,-0.011028039,-0.011028039,0.010973785,0.010973785,-0.018739199,-0.018739199,-0.096353648,-0.096353648,-0.018739199,-0.018739199,-0.096353648,-0.096353648,8.7766024e-09,8.7766001e-09,-0.11509286,-0.11509286,-0.01102803,-0.01102803,0.01102759,0.01102759,-0.018739208,-0.018739208,-2.0661507e-10,-2.0661413e-10,-2.7312485e-05,-2.7312485e-05,-2.6851066e-05,-2.6851065e-05,-4.6162586e-07,-4.6162628e-07,-1.1678306e-08,-1.1678216e-08,-0.11517479,-0.11517479,-0.85166943,-0.85166943,-7.1985557,-7.1985557,-0.93682887,-0.93682887,-3.5610595,-3.5610595,-0.12492804,-0.12492804,0.0098351971,0.0098351971,-0.0022056061,-0.0022056061,-0.020823814,-0.020823814,4.6077604,4.6077604,-4.6535287,-4.6535287,0.00020327414,0.00020327414,-1.4957084e-16,-1.4957692e-16,-3.6338974e-19,-3.6583159e-19,3.876306e-16,3.9046323e-16,-3.8859e-18,-3.8860768e-18,9.0248248e-16,9.0251917e-16,3.3100857e-06,1.4495258e-09,5.7443463e-08,5.7443463e-08
-0.0099833928,-0.0099833928,-0.011042917,-0.011042917,-0.02102631,-0.02102631,0.12621546,0.12621546,0.13619885,0.13619885,0.037837498,0.037839881,-0.037854378,-0.037854378,0.037839882,0.037839882,-0.037854338,-0.037854338,-3.7281467e-07,-3.7281466e-07,3.9544168e-20,3.9690593e-20,8.5747299e-09,8.5747284e-09,-0.11511954,-0.11511954,-0.00018554986,-0.00018554986,-0.00018554986,-0.00018554986,-4.0026447e-05,-4.0026447e-05,0.02980835,0.02980835,-0.029861357,-0.029861357,0.0093864725,0.0093864725,-0.020429829,-0.020429829,0.020421878,0.020421878,-0.009431528,-0.009431528,-0.011043356,-0.011043356,0.01099035,0.01099035,-0.011043356,-0.011043356,0.01099035,0.01099035,-0.018765433,-0.018765433,-0.096354099,-0.096354099,-0.018765433,-0.018765433,-0.096354099,-0.096354099,8.5747399e-09,8.5747383e-09,-0.11511954,-0.11511954,-0.011043348,-0.011043348,0.011042917,0.011042917,-0.018765441,-0.018765441,-2.0186282e-10,-2.0186201e-10,-2.6684298e-05,-2.6684298e-05,-2.6233491e-05,-2.6233491e-05,-4.5100869e-07,-4.5100887e-07,-1.1409696e-08,-1.1409618e-08,-0.11519959,-0.11519959,-0.8582494,-0.8582494,-7.2000428,-7.2000428,-0.94406702,-0.94406702,-3.561757,-3.561757,-0.12510293,-0.12510293,0.0099834014,0.0099834014,-0.0022086695,-0.0022086695,-0.020825838,-0.020825838,4.6088287,4.6088287,-4.6553044,-4.6553044,0.00019859883,0.00019859883,-1.4956985e-16,-1.4957533e-16,-3.6359411e-19,-3.6591387e-19,3.8776718e-16,3.9045818e-16,-3.8844478e-18,-3.8846069e-18,9.0247607e-16,9.0250908e-16,3.2769848e-06,1.4350305e-09,5.4831451e-08,5.4831451e-08
-0.010128189,-0.010128189,-0.011057892,-0.011057892,-0.021186081,-0.021186081,0.12625528,0.12625528,0.13638347,0.13638347,0.037889011,0.037891369,-0.037905532,-0.037905532,0.03789137,0.03789137,-0.037905494,-0.037905494,-3.6423993e-07,-3.6423993e-07,4.2572044e-20,4.2703826e-20,8.3775102e-09,8.3775094e-09,-0.11514561,-0.11514561,-0.00018128221,-0.00018128221,-0.00018128221,-0.00018128221,-3.9105839e-05,-3.9105839e-05,0.029848955,0.029848955,-0.029900742,-0.029900742,0.0093992011,0.0093992011,-0.020457522,-0.020457522,0.020449754,0.020449754,-0.0094432204,-0.0094432204,-0.011058321,-0.011058321,0.011006533,0.011006533,-0.011058321,-0.011058321,0.011006533,0.011006533,-0.018791063,-0.018791063,-0.09635454,-0.09635454,-0.018791063,-0.018791063,-0.09635454,-0.09635454,8.3775202e-09,8.3775194e-09,-0.11514561,-0.11514561,-0.011058312,-0.011058312,0.011057892,0.011057892,-0.018791071,-0.018791071,-1.9721984e-10,-1.9721919e-10,-2.6070559e-05,-2.6070559e-05,-2.5630121e-05,-2.5630121e-05,-4.4063565e-07,-4.4063567e-07,-1.1147261e-08,-1.1147197e-08,-0.11522382,-0.11522382,-0.86467804,-0.86467804,-7.2014956,-7.2014956,-0.95113869,-0.95113869,-3.5624384,-3.5624384,-0.1252738,-0.1252738,0.010128197,0.010128197,-0.0022116625,-0.0022116625,-0.020827816,-0.020827816,4.6098725,4.6098725,-4.6570398,-4.6570398,0.00019403106,0.00019403106,-1.4956884e-16,-1.4957377e-16,-3.6379049e-19,-3.6599426e-19,3.8789676e-16,3.9045321e-16,-3.8830277e-18,-3.8831709e-18,9.0246952e-16,9.0249924e-16,3.244215e-06,1.4206803e-09,5.233821e-08,5.233821e-08
-0.010269654,-0.010269654,-0.011072522,-0.011072522,-0.021342176,-0.021342176,0.12629419,0.12629419,0.13656385,0.13656385,0.037939338,0.037941673,-0.037955509,-0.037955509,0.037941674,0.037941674,-0.037955473,-0.037955473,-3.5586241e-07,-3.5586241e-07,4.5529151e-20,4.5647755e-20,8.1848268e-09,8.1848265e-09,-0.11517108,-0.11517108,-0.00017711272,-0.00017711272,-0.00017711272,-0.00017711272,-3.8206404e-05,-3.8206404e-05,0.029888626,0.029888626,-0.029939222,-0.029939222,0.009411637,0.0094116371,-0.020484578,-0.020484578,0.020476989,0.020476989,-0.0094546439,-0.0094546439,-0.011072941,-0.011072941,0.011022345,0.011022345,-0.011072941,-0.011072941,0.011022345,0.011022345,-0.018816103,-0.018816103,-0.09635497,-0.09635497,-0.018816103,-0.018816103,-0.09635497,-0.09635497,8.1848368e-09,8.1848365e-09,-0.11517108,-0.11517108,-0.011072933,-0.011072933,0.011072522,0.011072522,-0.018816112,-0.018816112,-1.9268364e-10,-1.9268315e-10,-2.5470936e-05,-2.5470936e-05,-2.5040628e-05,-2.5040628e-05,-4.3050113e-07,-4.3050105e-07,-1.0890861e-08,-1.0890812e-08,-0.11524749,-0.11524749,-0.87095882,-0.87095882,-7.202915,-7.202915,-0.95804771,-0.95804771,-3.5631042,-3.5631042,-0.12544074,-0.12544074,0.010269662,0.010269662,-0.0022145866,-0.0022145866,-0.020829747,-0.020829747,4.6108922,4.6108922,-4.6587358,-4.6587358,0.00018956835,0.00018956835,-1.4956781e-16,-1.4957224e-16,-3.6397921e-19,-3.6607279e-19,3.880197e-16,3.9044833e-16,-3.881639e-18,-3.8817678e-18,9.0246287e-16,9.0248961e-16,3.2117728e-06,1.4064735e-09,4.995834e-08,4.995834e-08
-0.010407866,-0.010407866,-0.011086816,-0.011086816,-0.021494682,-0.021494682,0.12633221,0.12633221,0.13674007,0.13674007,0.037988508,0.03799082,-0.038004337,-0.038004337,0.037990821,0.037990821,-0.038004302,-0.038004302,-3.4767757e-07,-3.4767757e-07,4.841723e-20,4.8523973e-20,7.9965752e-09,7.9965752e-09,-0.11519597,-0.11519597,-0.00017303913,-0.00017303913,-0.00017303913,-0.00017303913,-3.7327657e-05,-3.7327657e-05,0.029927384,0.029927384,-0.029976817,-0.029976817,0.0094237869,0.0094237869,-0.020511012,-0.020511012,0.020503597,0.020503597,-0.0094658046,-0.0094658046,-0.011087225,-0.011087225,0.011037793,0.011037793,-0.011087225,-0.011087225,0.011037793,0.011037793,-0.018840568,-0.018840568,-0.096355391,-0.096355391,-0.018840568,-0.018840568,-0.096355391,-0.096355391,7.9965853e-09,7.9965853e-09,-0.11519597,-0.11519597,-0.011087217,-0.011087217,0.011086816,0.011086816,-0.018840576,-0.018840576,-1.8825178e-10,-1.8825144e-10,-2.4885105e-05,-2.4885105e-05,-2.4464693e-05,-2.4464693e-05,-4.2059966e-07,-4.2059952e-07,-1.0640358e-08,-1.0640324e-08,-0.11527062,-0.11527062,-0.87709514,-0.87709514,-7.2043017,-7.2043017,-0.96479782,-0.96479782,-3.5637547,-3.5637547,-0.12560383,-0.12560383,0.010407874,0.010407874,-0.0022174435,-0.0022174435,-0.020831635,-0.020831635,4.6118885,4.6118885,-4.6603932,-4.6603932,0.00018520827,0.00018520827,-1.4956677e-16,-1.4957075e-16,-3.6416062e-19,-3.6614952e-19,3.8813633e-16,3.9044353e-16,-3.8802811e-18,-3.8803971e-18,9.0245614e-16,9.0248021e-16,3.1796551e-06,1.3924088e-09,4.7686684e-08,4.7686684e-08
-0.010542899,-0.010542899,-0.011100781,-0.011100781,-0.02164368,-0.02164368,0.12636935,0.12636935,0.13691225,0.13691225,0.038036548,0.038038836,-0.038052042,-0.038052042,0.038038837,0.038038837,-0.038052009,-0.038052009,-3.3968099e-07,-3.3968099e-07,5.123797e-20,5.1334039e-20,7.8126536e-09,7.8126538e-09,-0.11522028,-0.11522028,-0.00016905923,-0.00016905923,-0.00016905923,-0.00016905923,-3.6469121e-05,-3.6469121e-05,0.029965251,0.029965251,-0.030013547,-0.030013547,0.0094356574,0.0094356574,-0.020536838,-0.020536838,0.020529594,0.020529594,-0.0094767086,-0.0094767086,-0.011101181,-0.011101181,0.011052885,0.011052885,-0.011101181,-0.011101181,0.011052885,0.011052885,-0.01886447,-0.01886447,-0.096355802,-0.096355802,-0.01886447,-0.01886447,-0.096355802,-0.096355802,7.8126636e-09,7.8126638e-09,-0.11522028,-0.11522028,-0.011101173,-0.011101173,0.011100781,0.011100781,-0.018864478,-0.018864478,-1.8392188e-10,-1.8392166e-10,-2.4312747e-05,-2.4312747e-05,-2.3902005e-05,-2.3902006e-05,-4.1092589e-07,-4.1092573e-07,-1.0395619e-08,-1.0395598e-08,-0.11529322,-0.11529322,-0.88309032,-0.88309032,-7.2056566,-7.2056566,-0.97139268,-0.97139268,-3.5643902,-3.5643902,-0.12576318,-0.12576318,0.010542907,0.010542907,-0.0022202346,-0.0022202346,-0.020833479,-0.020833479,4.6128618,4.6128618,-4.662013,-4.662013,0.00018094848,0.00018094848,-1.4956571e-16,-1.495693e-16,-3.6433503e-19,-3.6622448e-19,3.8824698e-16,3.9043882e-16,-3.8789534e-18,-3.8790578e-18,9.0244936e-16,9.0247103e-16,3.1478585e-06,1.3784847e-09,4.5518323e-08,4.5518323e-08
-0.010674826,-0.010674826,-0.011114425,-0.011114425,-0.021789251,-0.021789251,0.12640564,0.12640564,0.13708046,0.13708046,0.038083483,0.038085749,-0.03809865,-0.03809865,0.03808575,0.03808575,-0.038098618,-0.038098618,-3.3186832e-07,-3.3186833e-07,5.3993011e-20,5.4079473e-20,7.6329622e-09,7.6329625e-09,-0.11524403,-0.11524403,-0.00016517087,-0.00016517087,-0.00016517087,-0.00016517087,-3.5630331e-05,-3.5630331e-05,0.030002247,0.030002247,-0.030049432,-0.030049432,0.0094472548,0.0094472548,-0.02056207,-0.02056207,0.020554993,0.020554993,-0.0094873619,-0.0094873619,-0.011114816,-0.011114816,0.011067631,0.011067631,-0.011114816,-0.011114816,0.011067631,0.011067631,-0.018887822,-0.018887822,-0.096356203,-0.096356203,-0.018887822,-0.018887822,-0.096356203,-0.096356203,7.6329723e-09,7.6329726e-09,-0.11524403,-0.11524403,-0.011114808,-0.011114808,0.011114425,0.011114425,-0.01888783,-0.01888783,-1.7969158e-10,-1.7969146e-10,-2.3753554e-05,-2.3753554e-05,-2.3352259e-05,-2.3352259e-05,-4.014746e-07,-4.0147444e-07,-1.0156512e-08,-1.01565e-08,-0.11531529,-0.11531529,-0.88894762,-0.88894762,-7.2069803,-7.2069803,-0.97783586,-0.97783586,-3.5650111,-3.5650111,-0.12591886,-0.12591886,0.010674834,0.010674834,-0.0022229616,-0.0022229616,-0.020835281,-0.020835281,4.6138128,4.6138128,-4.6635959,-4.6635959,0.00017678667,0.00017678667,-1.4956465e-16,-1.4956788e-16,-3.6450274e-19,-3.6629772e-19,3.8835195e-16,3.9043419e-16,-3.8776554e-18,-3.8777494e-18,9.0244256e-16,9.0246205e-16,3.1163799e-06,1.3646999e-09,4.3448559e-08,4.3448559e-08
-0.010803719,-0.010803719,-0.011127755,-0.011127755,-0.021931474,-0.021931474,0.12644109,0.12644109,0.13724481,0.13724481,0.038129339,0.038131582,-0.038144186,-0.038144186,0.038131583,0.038131583,-0.038144155,-0.038144155,-3.2423535e-07,-3.2423536e-07,5.6683946e-20,5.6761762e-20,7.4574038e-09,7.4574041e-09,-0.11526724,-0.11526724,-0.00016137194,-0.00016137194,-0.00016137194,-0.00016137194,-3.4810834e-05,-3.4810834e-05,0.030038393,0.030038393,-0.030084492,-0.030084492,0.0094585855,0.0094585855,-0.020586722,-0.020586722,0.020579807,0.020579807,-0.0094977701,-0.0094977701,-0.011128137,-0.011128137,0.011082037,0.011082037,-0.011128137,-0.011128137,0.011082037,0.011082037,-0.018910638,-0.018910638,-0.096356596,-0.096356596,-0.018910638,-0.018910638,-0.096356596,-0.096356596,7.4574139e-09,7.4574142e-09,-0.11526724,-0.11526724,-0.011128129,-0.011128129,0.011127755,0.011127755,-0.018910645,-0.018910645,-1.7555861e-10,-1.7555856e-10,-2.3207222e-05,-2.3207222e-05,-2.2815157e-05,-2.2815157e-05,-3.9224067e-07,-3.9224053e-07,-9.9229056e-09,-9.922901e-09,-0.11533686,-0.11533686,-0.8946702,-0.8946702,-7.2082736,-7.2082736,-0.98413084,-0.98413084,-3.5656177,-3.5656177,-0.12607096,-0.12607096,0.010803726,0.010803726,-0.0022256258,-0.0022256258,-0.020837041,-0.020837041,4.6147419,4.6147419,-4.6651428,-4.6651428,0.00017272057,0.00017272057,-1.4956358e-16,-1.4956649e-16,-3.6466404e-19,-3.6636928e-19,3.8845152e-16,3.9042965e-16,-3.8763865e-18,-3.8764711e-18,9.0243574e-16,9.0245328e-16,3.0852161e-06,1.3510529e-09,4.147291e-08,4.147291e-08
-0.010929647,-0.010929647,-0.011140779,-0.011140779,-0.022070426,-0.022070426,0.12647572,0.12647572,0.13740537,0.13740537,0.038174141,0.038176361,-0.038188674,-0.038188674,0.038176362,0.038176362,-0.038188645,-0.038188645,-3.1677794e-07,-3.1677794e-07,5.9312325e-20,5.9382359e-20,7.2858833e-09,7.2858836e-09,-0.11528991,-0.11528991,-0.00015766038,-0.00015766038,-0.00015766038,-0.00015766038,-3.4010184e-05,-3.4010184e-05,0.030073706,0.030073706,-0.030118746,-0.030118746,0.0094696555,0.0094696555,-0.020610807,-0.020610807,0.020604051,0.020604051,-0.0095079389,-0.0095079389,-0.011141151,-0.011141151,0.011096112,0.011096112,-0.011141151,-0.011141151,0.011096112,0.011096112,-0.018932928,-0.018932928,-0.096356979,-0.096356979,-0.018932928,-0.018932928,-0.096356979,-0.096356979,7.2858934e-09,7.2858937e-09,-0.11528991,-0.11528991,-0.011141144,-0.011141144,0.011140779,0.011140779,-0.018932935,-0.018932935,-1.7152071e-10,-1.7152072e-10,-2.2673456e-05,-2.2673456e-05,-2.2290409e-05,-2.2290409e-05,-3.8321911e-07,-3.83219e-07,-9.6946747e-09,-9.6946751e-09,-0.11535793,-0.11535793,-0.90026115,-0.90026115,-7.2095371,-7.2095371,-0.99028104,-0.99028104,-3.5662103,-3.5662103,-0.12621956,-0.12621956,0.010929654,0.010929654,-0.0022282288,-0.0022282288,-0.02083876,-0.02083876,4.6156496,4.6156496,-4.6666545,-4.6666545,0.000168748,0.000168748,-1.4956252e-16,-1.4956513e-16,-3.6481921e-19,-3.6643918e-19,3.8854596e-16,3.9042519e-16,-3.875146e-18,-3.8752221e-18,9.0242893e-16,9.0244472e-16,3.054364e-06,1.3375424e-09,3.9587095e-08,3.9587095e-08
-0.011052679,-0.011052679,-0.011153502,-0.011153502,-0.022206181,-0.022206181,0.12650956,0.12650956,0.13756224,0.13756224,0.038217912,0.03822011,-0.038232139,-0.038232139,0.038220111,0.038220111,-0.038232112,-0.038232112,-3.0949205e-07,-3.0949205e-07,6.1879651e-20,6.1942682e-20,7.1183078e-09,7.1183081e-09,-0.11531207,-0.11531207,-0.00015403419,-0.00015403419,-0.00015403419,-0.00015403419,-3.322795e-05,-3.322795e-05,0.030108208,0.030108208,-0.030152211,-0.030152211,0.009480471,0.009480471,-0.020634338,-0.020634338,0.020627737,0.020627737,-0.0095178738,-0.0095178738,-0.011153867,-0.011153867,0.011109863,0.011109863,-0.011153867,-0.011153867,0.011109863,0.011109863,-0.018954706,-0.018954706,-0.096357353,-0.096357353,-0.018954706,-0.018954706,-0.096357353,-0.096357353,7.1183179e-09,7.1183182e-09,-0.11531207,-0.11531207,-0.011153859,-0.011153859,0.011153502,0.011153502,-0.018954713,-0.018954713,-1.6757571e-10,-1.6757575e-10,-2.2151967e-05,-2.2151967e-05,-2.1777729e-05,-2.1777729e-05,-3.7440505e-07,-3.7440496e-07,-9.4716948e-09,-9.4716983e-09,-0.11537852,-0.11537852,-0.90572352,-0.90572352,-7.2107715,-7.2107715,-0.99628979,-0.99628979,-3.5667893,-3.5667893,-0.12636474,-0.12636474,0.011052686,0.011052686,-0.0022307719,-0.0022307719,-0.020840441,-0.020840441,4.6165365,4.6165365,-4.6681319,-4.6681319,0.0001648668,0.0001648668,-1.4956145e-16,-1.4956381e-16,-3.6496851e-19,-3.6650748e-19,3.8863554e-16,3.9042081e-16,-3.8739334e-18,-3.8740019e-18,9.0242214e-16,9.0243635e-16,3.0238203e-06,1.324167e-09,3.778703e-08,3.778703e-08
-0.011172881,-0.011172881,-0.011165934,-0.011165934,-0.022338815,-0.022338815,0.12654263,0.12654263,0.13771551,0.13771551,0.038260677,0.038262853,-0.038274605,-0.038274605,0.038262854,0.038262854,-0.038274579,-0.038274579,-3.0237373e-07,-3.0237373e-07,6.438739e-20,6.4444118e-20,6.9545865e-09,6.9545868e-09,-0.11533371,-0.11533371,-0.00015049141,-0.00015049141,-0.00015049141,-0.00015049141,-3.2463707e-05,-3.2463707e-05,0.030141916,0.030141916,-0.030184907,-0.030184907,0.0094910377,0.0094910377,-0.020657327,-0.020657327,0.020650878,0.020650878,-0.0095275803,-0.0095275803,-0.011166289,-0.011166289,0.011123298,0.011123298,-0.011166289,-0.011166289,0.011123298,0.011123298,-0.018975983,-0.018975983,-0.096357719,-0.096357719,-0.018975983,-0.018975983,-0.096357719,-0.096357719,6.9545967e-09,6.9545969e-09,-0.11533371,-0.11533371,-0.011166283,-0.011166283,0.011165934,0.011165934,-0.018975989,-0.018975989,-1.6372145e-10,-1.6372151e-10,-2.1642472e-05,-2.1642472e-05,-2.1276842e-05,-2.1276842e-05,-3.6579371e-07,-3.6579365e-07,-9.2538449e-09,-9.25385e-09,-0.11539864,-0.11539864,-0.91106025,-0.91106025,-7.2119776,-7.2119776,-1.0021603,-1.0021603,-3.567355,-3.567355,-0.12650659,-0.12650659,0.011172888,0.011172888,-0.0022332565,-0.0022332565,-0.020842082,-0.020842082,4.617403,4.617403,-4.6695756,-4.6695756,0.00016107486,0.00016107486,-1.495604e-16,-1.4956251e-16,-3.6511218e-19,-3.6657421e-19,3.8872051e-16,3.9041651e-16,-3.8727481e-18,-3.8728098e-18,9.0241538e-16,9.0242817e-16,2.9935821e-06,1.3109253e-09,3.6068816e-08,3.6068816e-08
-0.011290319,-0.011290319,-0.011178079,-0.011178079,-0.022468398,-0.022468398,0.12657493,0.12657493,0.13786525,0.13786525,0.038302458,0.038304613,-0.038316094,-0.038316094,0.038304614,0.038304614,-0.038316069,-0.038316069,-2.9541914e-07,-2.9541914e-07,6.6836965e-20,6.688802e-20,6.7946309e-09,6.7946311e-09,-0.11535485,-0.11535485,-0.0001470301,-0.0001470301,-0.0001470301,-0.0001470301,-3.1717042e-05,-3.1717042e-05,0.030174849,0.030174849,-0.030216851,-0.030216851,0.0095013614,0.0095013614,-0.020679788,-0.020679788,0.020673488,0.020673488,-0.0095370635,-0.0095370635,-0.011178427,-0.011178427,0.011136424,0.011136424,-0.011178427,-0.011178427,0.011136424,0.011136424,-0.01899677,-0.01899677,-0.096358076,-0.096358076,-0.01899677,-0.01899677,-0.096358076,-0.096358076,6.794641e-09,6.7946412e-09,-0.11535485,-0.11535485,-0.01117842,-0.01117842,0.011178079,0.011178079,-0.018996777,-0.018996777,-1.5995586e-10,-1.5995592e-10,-2.1144695e-05,-2.1144695e-05,-2.0787474e-05,-2.0787474e-05,-3.5738044e-07,-3.5738039e-07,-9.0410066e-09,-9.0410122e-09,-0.11541829,-0.11541829,-0.91627424,-0.91627424,-7.2131559,-7.2131559,-1.0078959,-1.0078959,-3.5679077,-3.5679077,-0.12664517,-0.12664517,0.011290326,0.011290326,-0.002235684,-0.002235684,-0.020843686,-0.020843686,4.6182495,4.6182495,-4.6709864,-4.6709864,0.00015737014,0.00015737014,-1.4955934e-16,-1.4956125e-16,-3.6525047e-19,-3.666394e-19,3.8880109e-16,3.9041229e-16,-3.8715896e-18,-3.871645e-18,9.0240867e-16,9.0242018e-16,2.9636463e-06,1.2978161e-09,3.4428731e-08,3.4428731e-08
-0.011405055,-0.011405055,-0.011189945,-0.011189945,-0.022595,-0.022595,0.12660649,0.12660649,0.13801154,0.13801154,0.038343279,0.038345412,-0.038356629,-0.038356629,0.038345413,0.038345413,-0.038356605,-0.038356605,-2.886245e-07,-2.886245e-07,6.9229763e-20,6.9275713e-20,6.6383542e-09,6.6383543e-09,-0.11537551,-0.11537551,-0.00014364841,-0.00014364841,-0.00014364841,-0.00014364841,-3.098755e-05,-3.098755e-05,0.030207024,0.030207024,-0.030248061,-0.030248061,0.0095114476,0.0095114476,-0.020701732,-0.020701732,0.020695577,0.020695577,-0.0095463285,-0.0095463285,-0.011190285,-0.011190285,0.011149248,0.011149248,-0.011190285,-0.011190285,0.011149248,0.011149248,-0.019017079,-0.019017079,-0.096358425,-0.096358425,-0.019017079,-0.019017079,-0.096358425,-0.096358425,6.6383644e-09,6.6383645e-09,-0.11537551,-0.11537551,-0.011190278,-0.011190278,0.011189945,0.011189945,-0.019017086,-0.019017086,-1.5627688e-10,-1.5627693e-10,-2.0658367e-05,-2.0658367e-05,-2.0309362e-05,-2.0309362e-05,-3.4916067e-07,-3.4916064e-07,-8.8330643e-09,-8.8330697e-09,-0.11543749,-0.11543749,-0.92136831,-0.92136831,-7.2143071,-7.2143071,-1.0134995,-1.0134995,-3.5684477,-3.5684477,-0.12678057,-0.12678057,0.011405062,0.011405062,-0.0022380556,-0.0022380556,-0.020845253,-0.020845253,4.6190766,4.6190766,-4.6723651,-4.6723651,0.00015375063,0.00015375063,-1.495583e-16,-1.4956001e-16,-3.6538361e-19,-3.6670309e-19,3.8887751e-16,3.9040815e-16,-3.8704572e-18,-3.8705071e-18,9.0240202e-16,9.0241238e-16,2.9340098e-06,1.2848379e-09,3.2863222e-08,3.2863222e-08
-0.011517153,-0.011517153,-0.011201538,-0.011201538,-0.022718691,-0.022718691,0.12663732,0.12663732,0.13815447,0.13815447,0.038383162,0.038385273,-0.038396231,-0.038396231,0.038385274,0.038385274,-0.038396208,-0.038396208,-2.8198613e-07,-2.8198613e-07,7.1567134e-20,7.1608489e-20,6.4856719e-09,6.4856719e-09,-0.11539569,-0.11539569,-0.0001403445,-0.0001403445,-0.0001403445,-0.0001403445,-3.0274836e-05,-3.0274836e-05,0.03023846,0.03023846,-0.030278552,-0.030278552,0.0095213018,0.0095213018,-0.020723172,-0.020723172,0.020717158,0.020717158,-0.0095553805,-0.0095553805,-0.01120187,-0.01120187,0.011161777,0.011161777,-0.01120187,-0.01120187,0.011161777,0.011161777,-0.019036922,-0.019036922,-0.096358767,-0.096358767,-0.019036922,-0.019036922,-0.096358767,-0.096358767,6.4856821e-09,6.4856821e-09,-0.11539569,-0.11539569,-0.011201863,-0.011201863,0.011201538,0.011201538,-0.019036928,-0.019036928,-1.5268252e-10,-1.5268257e-10,-2.0183224e-05,-2.0183224e-05,-1.9842247e-05,-1.9842247e-05,-3.4112996e-07,-3.4112995e-07,-8.6299051e-09,-8.6299098e-09,-0.11545624,-0.11545624,-0.92634521,-0.92634521,-7.2154319,-7.2154319,-1.0189742,-1.0189742,-3.5689753,-3.5689753,-0.12691285,-0.12691285,0.011517159,0.011517159,-0.0022403727,-0.0022403727,-0.020846783,-0.020846783,4.6198846,4.6198846,-4.6737125,-4.6737125,0.00015021436,0.00015021436,-1.4955726e-16,-1.4955881e-16,-3.6551181e-19,-3.6676531e-19,3.8894998e-16,3.9040409e-16,-3.8693504e-18,-3.8693953e-18,9.0239543e-16,9.0240475e-16,2.9046698e-06,1.2719896e-09,3.1368899e-08,3.1368899e-08
-0.011626672,-0.011626672,-0.011212864,-0.011212864,-0.022839537,-0.022839537,0.12666744,0.12666744,0.13829411,0.13829411,0.038422127,0.038424217,-0.038434923,-0.038434923,0.038424218,0.038424218,-0.038434901,-0.038434901,-2.7550045e-07,-2.7550045e-07,7.3850392e-20,7.3887611e-20,6.3365012e-09,6.3365013e-09,-0.11541541,-0.11541541,-0.00013711657,-0.00013711657,-0.00013711657,-0.00013711657,-2.9578515e-05,-2.9578515e-05,0.030269172,0.030269172,-0.030308342,-0.030308342,0.0095309294,0.0095309294,-0.020744118,-0.020744118,0.020738243,0.020738243,-0.0095642243,-0.0095642243,-0.011213189,-0.011213189,0.011174018,0.011174018,-0.011213189,-0.011213189,0.011174018,0.011174018,-0.019056307,-0.019056307,-0.0963591,-0.0963591,-0.019056307,-0.019056307,-0.0963591,-0.0963591,6.3365114e-09,6.3365115e-09,-0.11541541,-0.11541541,-0.011213182,-0.011213182,0.011212864,0.011212864,-0.019056314,-0.019056314,-1.4917083e-10,-1.4917087e-10,-1.971901e-05,-1.971901e-05,-1.9385875e-05,-1.9385875e-05,-3.3328396e-07,-3.3328396e-07,-8.4314188e-09,-8.4314227e-09,-0.11547457,-0.11547457,-0.93120764,-0.93120764,-7.2165307,-7.2165307,-1.024323,-1.024323,-3.5694907,-3.5694907,-0.12704209,-0.12704209,0.011626679,0.011626679,-0.0022426365,-0.0022426365,-0.020848279,-0.020848279,4.620674,4.620674,-4.6750291,-4.6750291,0.00014675943,0.00014675943,-1.4955624e-16,-1.4955763e-16,-3.6563528e-19,-3.6682611e-19,3.890187e-16,3.9040011e-16,-3.8682687e-18,-3.8683091e-18,9.0238891e-16,9.023973e-16,2.8756231e-06,1.2592697e-09,2.9942523e-08,2.9942523e-08
-0.011733673,-0.011733673,-0.01122393,-0.01122393,-0.022957603,-0.022957603,0.12669687,0.12669687,0.13843055,0.13843055,0.038460196,0.038462266,-0.038472725,-0.038472725,0.038462267,0.038462267,-0.038472704,-0.038472704,-2.6916394e-07,-2.6916394e-07,7.6080816e-20,7.6114313e-20,6.1907615e-09,6.1907615e-09,-0.11543468,-0.11543468,-0.00013396289,-0.00013396289,-0.00013396289,-0.00013396289,-2.8898209e-05,-2.8898209e-05,0.030299178,0.030299178,-0.030337447,-0.030337447,0.0095403356,0.0095403356,-0.020764583,-0.020764583,0.020758842,0.020758842,-0.0095728647,-0.0095728647,-0.011224247,-0.011224247,0.011185978,0.011185978,-0.011224247,-0.011224247,0.011185978,0.011185978,-0.019075247,-0.019075247,-0.096359426,-0.096359426,-0.019075247,-0.019075247,-0.096359426,-0.096359426,6.1907717e-09,6.1907717e-09,-0.11543468,-0.11543468,-0.011224241,-0.011224241,0.01122393,0.01122393,-0.019075254,-0.019075254,-1.4573991e-10,-1.4573994e-10,-1.9265473e-05,-1.9265473e-05,-1.894e-05,-1.894e-05,-3.2561842e-07,-3.2561843e-07,-8.2374978e-09,-8.2375007e-09,-0.11549248,-0.11549248,-0.93595824,-0.93595824,-7.2176043,-7.2176043,-1.0295488,-1.0295488,-3.5699943,-3.5699943,-0.12716835,-0.12716835,0.011733679,0.011733679,-0.0022448482,-0.0022448482,-0.02084974,-0.02084974,4.6214453,4.6214453,-4.6763157,-4.6763157,0.00014338396,0.00014338396,-1.4955522e-16,-1.4955647e-16,-3.6575421e-19,-3.668855e-19,3.8908387e-16,3.903962e-16,-3.8672115e-18,-3.8672479e-18,9.0238247e-16,9.0239003e-16,2.8468668e-06,1.246677e-09,2.8581007e-08,2.8581007e-08
-0.011838212,-0.011838212,-0.011234742,-0.011234742,-0.023072954,-0.023072954,0.12672563,0.12672563,0.13856384,0.13856384,0.03849739,0.038499439,-0.038509657,-0.038509657,0.03849944,0.03849944,-0.038509637,-0.038509637,-2.6297317e-07,-2.6297317e-07,7.8259654e-20,7.8289802e-20,6.0483738e-09,6.0483738e-09,-0.1154535,-0.1154535,-0.00013088175,-0.00013088175,-0.00013088175,-0.00013088175,-2.8233551e-05,-2.8233551e-05,0.030328494,0.030328494,-0.030365883,-0.030365883,0.0095495254,0.0095495254,-0.020784577,-0.020784577,0.020778968,0.020778968,-0.0095813063,-0.0095813063,-0.011235051,-0.011235051,0.011197662,0.011197662,-0.011235051,-0.011235051,0.011197662,0.011197662,-0.019093752,-0.019093752,-0.096359744,-0.096359744,-0.019093752,-0.019093752,-0.096359744,-0.096359744,6.048384e-09,6.048384e-09,-0.1154535,-0.1154535,-0.011235045,-0.011235045,0.011234742,0.011234742,-0.019093758,-0.019093758,-1.4238791e-10,-1.4238793e-10,-1.8822367e-05,-1.8822367e-05,-1.850438e-05,-1.850438e-05,-3.181292e-07,-3.181292e-07,-8.0480369e-09,-8.0480389e-09,-0.11550997,-0.11550997,-0.94059957,-0.94059957,-7.2186532,-7.2186532,-1.0346544,-1.0346544,-3.5704862,-3.5704862,-0.12729171,-0.12729171,0.011838218,0.011838218,-0.002247009,-0.002247009,-0.020851168,-0.020851168,4.6221989,4.6221989,-4.677573,-4.677573,0.00014008613,0.00014008613,-1.4955422e-16,-1.4955535e-16,-3.6586881e-19,-3.6694353e-19,3.8914565e-16,3.9039237e-16,-3.8661784e-18,-3.8662111e-18,9.0237612e-16,9.0238291e-16,2.8183982e-06,1.2342102e-09,2.72814e-08,2.72814e-08
-0.011940347,-0.011940347,-0.011245305,-0.011245305,-0.023185651,-0.023185651,0.12675372,0.12675372,0.13869407,0.13869407,0.038533729,0.038535758,-0.03854574,-0.03854574,0.038535758,0.038535758,-0.038545721,-0.038545721,-2.5692479e-07,-2.5692479e-07,8.0388121e-20,8.0415254e-20,5.909261e-09,5.909261e-09,-0.11547189,-0.11547189,-0.00012787147,-0.00012787147,-0.00012787147,-0.00012787147,-2.7584179e-05,-2.7584179e-05,0.030357135,0.030357135,-0.030393665,-0.030393665,0.0095585039,0.0095585039,-0.020804111,-0.020804111,0.020798631,0.020798631,-0.0095895538,-0.0095895538,-0.011245607,-0.011245607,0.011209078,0.011209078,-0.011245607,-0.011245607,0.011209078,0.011209078,-0.019111831,-0.019111831,-0.096360054,-0.096360054,-0.019111831,-0.019111831,-0.096360054,-0.096360054,5.9092712e-09,5.9092712e-09,-0.11547189,-0.11547189,-0.011245601,-0.011245601,0.011245305,0.011245305,-0.019111837,-0.019111837,-1.39113e-10,-1.3911301e-10,-1.8389453e-05,-1.8389453e-05,-1.8078779e-05,-1.8078779e-05,-3.1081222e-07,-3.1081223e-07,-7.8629335e-09,-7.8629348e-09,-0.11552706,-0.11552706,-0.94513415,-0.94513415,-7.219678,-7.219678,-1.0396425,-1.0396425,-3.5709669,-3.5709669,-0.12741224,-0.12741224,0.011940353,0.011940353,-0.0022491202,-0.0022491202,-0.020852563,-0.020852563,4.6229351,4.6229351,-4.6788016,-4.6788016,0.00013686415,0.00013686415,-1.4955324e-16,-1.4955425e-16,-3.6597924e-19,-3.6700022e-19,3.8920423e-16,3.9038861e-16,-3.8651687e-18,-3.8651982e-18,9.0236985e-16,9.0237597e-16,2.7902142e-06,1.2218681e-09,2.6040887e-08,2.6040887e-08
-0.012040133,-0.012040133,-0.011255624,-0.011255624,-0.023295757,-0.023295757,0.12678117,0.12678117,0.1388213,0.1388213,0.038569232,0.038571241,-0.038580993,-0.038580993,0.038571241,0.038571241,-0.038580975,-0.038580975,-2.5101552e-07,-2.5101552e-07,8.2467401e-20,8.249182e-20,5.7733478e-09,5.7733477e-09,-0.11548986,-0.11548986,-0.00012493042,-0.00012493042,-0.00012493042,-0.00012493042,-2.6949743e-05,-2.6949743e-05,0.030385118,0.030385118,-0.030420807,-0.030420807,0.0095672758,0.0095672758,-0.020823196,-0.020823196,0.020817842,0.020817842,-0.0095976116,-0.0095976116,-0.01125592,-0.01125592,0.011220231,0.011220231,-0.01125592,-0.01125592,0.011220231,0.011220231,-0.019129494,-0.019129494,-0.096360358,-0.096360358,-0.019129494,-0.019129494,-0.096360358,-0.096360358,5.773358e-09,5.773358e-09,-0.11548986,-0.11548986,-0.011255914,-0.011255914,0.011255624,0.011255624,-0.019129499,-0.019129499,-1.3591341e-10,-1.3591341e-10,-1.7966495e-05,-1.7966495e-05,-1.7662968e-05,-1.7662968e-05,-3.0366354e-07,-3.0366355e-07,-7.6820873e-09,-7.682088e-09,-0.11554376,-0.11554376,-0.94956444,-0.94956444,-7.2206792,-7.2206792,-1.044516,-1.044516,-3.5714365,-3.5714365,-0.12752999,-0.12752999,0.012040138,0.012040138,-0.0022511828,-0.0022511828,-0.020853925,-0.020853925,4.6236544,4.6236544,-4.6800023,-4.6800023,0.00013371628,0.00013371628,-1.4955226e-16,-1.4955317e-16,-3.6608567e-19,-3.6705561e-19,3.8925977e-16,3.9038493e-16,-3.864182e-18,-3.8642085e-18,9.0236367e-16,9.0236918e-16,2.762312e-06,1.2096495e-09,2.4856782e-08,2.4856782e-08
-0.012137623,-0.012137623,-0.011265707,-0.011265707,-0.02340333,-0.02340333,0.12680798,0.12680798,0.1389456,0.1389456,0.03860392,0.038605907,-0.038615435,-0.038615435,0.038605908,0.038605908,-0.038615418,-0.038615418,-2.4524216e-07,-2.4524216e-07,8.4498648e-20,8.4520626e-20,5.6405605e-09,5.6405605e-09,-0.11550741,-0.11550741,-0.00012205702,-0.00012205702,-0.00012205702,-0.00012205702,-2.6329899e-05,-2.6329899e-05,0.030412457,0.030412457,-0.030447326,-0.030447326,0.009575846,0.009575846,-0.020841841,-0.020841841,0.020836611,0.020836611,-0.0096054841,-0.0096054841,-0.011265995,-0.011265995,0.011231127,0.011231127,-0.011265995,-0.011265995,0.011231127,0.011231127,-0.01914675,-0.01914675,-0.096360655,-0.096360655,-0.01914675,-0.01914675,-0.096360655,-0.096360655,5.6405708e-09,5.6405708e-09,-0.11550741,-0.11550741,-0.01126599,-0.01126599,0.011265707,0.011265707,-0.019146756,-0.019146756,-1.3278741e-10,-1.3278741e-10,-1.7553266e-05,-1.7553266e-05,-1.7256719e-05,-1.7256719e-05,-2.9667928e-07,-2.9667929e-07,-7.5054005e-09,-7.5054008e-09,-0.11556007,-0.11556007,-0.95389283,-0.95389283,-7.2216574,-7.2216574,-1.0492773,-1.0492773,-3.5718954,-3.5718954,-0.12764503,-0.12764503,0.012137629,0.012137629,-0.002253198,-0.002253198,-0.020855257,-0.020855257,4.6243572,4.6243572,-4.6811755,-4.6811755,0.0001306408,0.0001306408,-1.495513e-16,-1.4955212e-16,-3.6618828e-19,-3.6710972e-19,3.8931241e-16,3.9038132e-16,-3.8632177e-18,-3.8632416e-18,9.0235759e-16,9.0236255e-16,2.7346889e-06,1.197553e-09,2.3726519e-08,2.3726519e-08
-0.012232872,-0.012232872,-0.011275557,-0.011275557,-0.023508429,-0.023508429,0.12683418,0.12683418,0.13906705,0.13906705,0.038637809,0.038639777,-0.038649085,-0.038649085,0.038639778,0.038639778,-0.038649069,-0.038649069,-2.3960159e-07,-2.3960159e-07,8.6482989e-20,8.6502769e-20,5.5108274e-09,5.5108274e-09,-0.11552456,-0.11552456,-0.00011924971,-0.00011924971,-0.00011924971,-0.00011924971,-2.5724311e-05,-2.5724311e-05,0.030439168,0.030439168,-0.030473234,-0.030473234,0.0095842191,0.0095842191,-0.020860058,-0.020860058,0.020854948,0.020854948,-0.0096131755,-0.0096131755,-0.011275839,-0.011275839,0.011241773,0.011241773,-0.011275839,-0.011275839,0.011241773,0.011241773,-0.01916361,-0.01916361,-0.096360945,-0.096360945,-0.01916361,-0.01916361,-0.096360945,-0.096360945,5.5108377e-09,5.5108377e-09,-0.11552456,-0.11552456,-0.011275834,-0.011275834,0.011275557,0.011275557,-0.019163616,-0.019163616,-1.297333e-10,-1.297333e-10,-1.7149541e-05,-1.7149541e-05,-1.6859815e-05,-1.6859815e-05,-2.8985566e-07,-2.8985567e-07,-7.3327773e-09,-7.3327773e-09,-0.11557601,-0.11557601,-0.95812167,-0.95812167,-7.2226131,-7.2226131,-1.0539291,-1.0539291,-3.5723436,-3.5723436,-0.12775743,-0.12775743,0.012232877,0.012232877,-0.0022551668,-0.0022551668,-0.020856557,-0.020856557,4.6250438,4.6250438,-4.682322,-4.682322,0.00012763606,0.00012763606,-1.4955036e-16,-1.495511e-16,-3.6628723e-19,-3.6716259e-19,3.8936232e-16,3.9037778e-16,-3.8622754e-18,-3.8622969e-18,9.0235161e-16,9.0235607e-16,2.707342e-06,1.1855775e-09,2.2647651e-08,2.2647651e-08
-0.01232593,-0.01232593,-0.011285181,-0.011285181,-0.023611111,-0.023611111,0.12685977,0.12685977,0.1391857,0.1391857,0.038670919,0.038672868,-0.038681961,-0.038681961,0.038672869,0.038672869,-0.038681946,-0.038681946,-2.3409075e-07,-2.3409075e-07,8.8421521e-20,8.8439323e-20,5.3840782e-09,5.3840781e-09,-0.11554132,-0.11554132,-0.00011650697,-0.00011650697,-0.00011650697,-0.00011650697,-2.5132652e-05,-2.5132652e-05,0.030465264,0.030465264,-0.030498546,-0.030498546,0.0095923996,0.0095923996,-0.020877856,-0.020877856,0.020872864,0.020872864,-0.00962069,-0.00962069,-0.011285457,-0.011285457,0.011252174,0.011252174,-0.011285457,-0.011285457,0.011252174,0.011252174,-0.019180082,-0.019180082,-0.096361228,-0.096361228,-0.019180082,-0.019180082,-0.096361228,-0.096361228,5.3840885e-09,5.3840885e-09,-0.11554132,-0.11554132,-0.011285451,-0.011285451,0.011285181,0.011285181,-0.019180088,-0.019180088,-1.2674944e-10,-1.2674944e-10,-1.6755101e-05,-1.6755101e-05,-1.6472039e-05,-1.6472039e-05,-2.8318898e-07,-2.8318899e-07,-7.1641244e-09,-7.1641242e-09,-0.11559158,-0.11559158,-0.96225324,-0.96225324,-7.2235468,-7.2235468,-1.058474,-1.058474,-3.5727816,-3.5727816,-0.12786725,-0.12786725,0.012325935,0.012325935,-0.0022570903,-0.0022570903,-0.020857828,-0.020857828,4.6257145,4.6257145,-4.6834423,-4.6834423,0.00012470043,0.00012470043,-1.4954943e-16,-1.495501e-16,-3.6638265e-19,-3.6721425e-19,3.8940962e-16,3.9037431e-16,-3.8613547e-18,-3.861374e-18,9.0234572e-16,9.0234974e-16,2.6802686e-06,1.1737217e-09,2.161784e-08,2.161784e-08
-0.012416847,-0.012416847,-0.011294584,-0.011294584,-0.023711431,-0.023711431,0.12688478,0.12688478,0.13930163,0.13930163,0.038703268,0.038705197,-0.038714081,-0.038714081,0.038705198,0.038705198,-0.038714066,-0.038714066,-2.2870667e-07,-2.2870667e-07,9.0315314e-20,9.0331336e-20,5.2602441e-09,5.2602441e-09,-0.11555769,-0.11555769,-0.00011382731,-0.00011382731,-0.00011382731,-0.00011382731,-2.4554601e-05,-2.4554601e-05,0.030490759,0.030490759,-0.030523277,-0.030523277,0.0096003919,0.0096003919,-0.020895245,-0.020895245,0.020890367,0.020890367,-0.0096280317,-0.0096280317,-0.011294853,-0.011294853,0.011262336,0.011262336,-0.011294853,-0.011294853,0.011262336,0.011262336,-0.019196175,-0.019196175,-0.096361505,-0.096361505,-0.019196175,-0.019196175,-0.096361505,-0.096361505,5.2602545e-09,5.2602544e-09,-0.11555769,-0.11555769,-0.011294848,-0.011294848,0.011294584,0.011294584,-0.019196181,-0.019196181,-1.2383421e-10,-1.238342e-10,-1.6369734e-05,-1.6369734e-05,-1.6093182e-05,-1.6093182e-05,-2.7667563e-07,-2.7667564e-07,-6.9993504e-09,-6.9993501e-09,-0.11560679,-0.11560679,-0.96628979,-0.96628979,-7.224459,-7.224459,-1.0629143,-1.0629143,-3.5732094,-3.5732094,-0.12797453,-0.12797453,0.012416852,0.012416852,-0.0022589696,-0.0022589696,-0.02085907,-0.02085907,4.6263699,4.6263699,-4.6845371,-4.6845371,0.00012183232,0.00012183232,-1.4954852e-16,-1.4954912e-16,-3.6647469e-19,-3.6726471e-19,3.8945446e-16,3.9037091e-16,-3.8604549e-18,-3.8604723e-18,9.0233994e-16,9.0234355e-16,2.6534659e-06,1.1619845e-09,2.0634855e-08,2.0634855e-08
-0.012505674,-0.012505674,-0.01130377,-0.01130377,-0.023809444,-0.023809444,0.12690921,0.12690921,0.13941489,0.13941489,0.038734873,0.038736783,-0.038745463,-0.038745463,0.038736784,0.038736784,-0.038745448,-0.038745448,-2.2344641e-07,-2.2344641e-07,9.2165413e-20,9.2179832e-20,5.1392583e-09,5.1392583e-09,-0.11557368,-0.11557368,-0.00011120928,-0.00011120928,-0.00011120928,-0.00011120928,-2.3989845e-05,-2.3989845e-05,0.030515669,0.030515669,-0.030547438,-0.030547438,0.0096082004,0.0096082004,-0.020912234,-0.020912234,0.020907468,0.020907468,-0.0096352045,-0.0096352045,-0.011304033,-0.011304033,0.011272264,0.011272264,-0.011304033,-0.011304033,0.011272264,0.011272264,-0.019211898,-0.019211898,-0.096361775,-0.096361775,-0.019211898,-0.019211898,-0.096361775,-0.096361775,5.1392686e-09,5.1392686e-09,-0.11557368,-0.11557368,-0.011304028,-0.011304028,0.01130377,0.01130377,-0.019211904,-0.019211904,-1.2098602e-10,-1.2098602e-10,-1.599323e-05,-1.599323e-05,-1.5723039e-05,-1.5723039e-05,-2.703121e-07,-2.703121e-07,-6.8383661e-09,-6.8383658e-09,-0.11562166,-0.11562166,-0.9702335,-0.9702335,-7.2253503,-7.2253503,-1.0672525,-1.0672525,-3.5736275,-3.5736275,-0.12807935,-0.12807935,0.012505679,0.012505679,-0.0022608056,-0.0022608056,-0.020860283,-0.020860283,4.6270102,4.6270102,-4.6856069,-4.6856069,0.00011903018,0.00011903018,-1.4954762e-16,-1.4954816e-16,-3.665635e-19,-3.6731401e-19,3.8949695e-16,3.9036757e-16,-3.8595757e-18,-3.8595913e-18,9.0233426e-16,9.0233751e-16,2.6269313e-06,1.1503646e-09,1.9696567e-08,1.9696567e-08
-0.012592457,-0.012592457,-0.011312745,-0.011312745,-0.023905202,-0.023905202,0.12693308,0.12693308,0.13952554,0.13952554,0.038765752,0.038767643,-0.038776122,-0.038776122,0.038767643,0.038767643,-0.038776108,-0.038776108,-2.1830715e-07,-2.1830715e-07,9.3972836e-20,9.3985814e-20,5.0210551e-09,5.0210551e-09,-0.1155893,-0.1155893,-0.00010865147,-0.00010865147,-0.00010865147,-0.00010865147,-2.3438079e-05,-2.3438079e-05,0.030540005,0.030540005,-0.030571044,-0.030571044,0.0096158294,0.0096158294,-0.020928832,-0.020928832,0.020924176,0.020924176,-0.0096422123,-0.0096422123,-0.011313002,-0.011313002,0.011281964,0.011281964,-0.011313002,-0.011313002,0.011281964,0.011281964,-0.01922726,-0.01922726,-0.096362039,-0.096362039,-0.01922726,-0.01922726,-0.096362039,-0.096362039,5.0210655e-09,5.0210655e-09,-0.1155893,-0.1155893,-0.011312997,-0.011312997,0.011312745,0.011312745,-0.019227265,-0.019227265,-1.1820335e-10,-1.1820335e-10,-1.5625386e-05,-1.5625386e-05,-1.5361409e-05,-1.5361409e-05,-2.6409492e-07,-2.6409492e-07,-6.6810844e-09,-6.6810841e-09,-0.11563618,-0.11563618,-0.9740865,-0.9740865,-7.226221,-7.226221,-1.0714909,-1.0714909,-3.5740359,-3.5740359,-0.12818176,-0.12818176,0.012592462,0.012592462,-0.0022625995,-0.0022625995,-0.020861468,-0.020861468,4.6276358,4.6276358,-4.6866522,-4.6866522,0.00011629249,0.00011629249,-1.4954674e-16,-1.4954723e-16,-3.6664919e-19,-3.6736218e-19,3.8953721e-16,3.9036431e-16,-3.8587165e-18,-3.8587306e-18,9.0232868e-16,9.0233161e-16,2.6006619e-06,1.138861e-09,1.8800945e-08,1.8800945e-08
-0.012677244,-0.012677244,-0.011321514,-0.011321514,-0.023998758,-0.023998758,0.1269564,0.1269564,0.13963365,0.13963365,0.038795921,0.038797792,-0.038806076,-0.038806076,0.038797793,0.038797793,-0.038806063,-0.038806063,-2.1328608e-07,-2.1328608e-07,9.5738578e-20,9.5750258e-20,4.9055706e-09,4.9055706e-09,-0.11560457,-0.11560457,-0.00010615248,-0.00010615248,-0.00010615248,-0.00010615248,-2.2899003e-05,-2.2899003e-05,0.030563782,0.030563782,-0.030594107,-0.030594107,0.0096232828,0.0096232828,-0.020945048,-0.020945048,0.020940499,0.020940499,-0.009649059,-0.009649059,-0.011321765,-0.011321765,0.01129144,0.01129144,-0.011321765,-0.011321765,0.01129144,0.01129144,-0.019242268,-0.019242268,-0.096362297,-0.096362297,-0.019242268,-0.019242268,-0.096362297,-0.096362297,4.905581e-09,4.905581e-09,-0.11560457,-0.11560457,-0.01132176,-0.01132176,0.011321514,0.011321514,-0.019242273,-0.019242273,-1.1548467e-10,-1.1548467e-10,-1.5266002e-05,-1.5266002e-05,-1.5008097e-05,-1.5008097e-05,-2.5802074e-07,-2.5802074e-07,-6.5274202e-09,-6.5274199e-09,-0.11565037,-0.11565037,-0.97785089,-0.97785089,-7.2270717,-7.2270717,-1.0756318,-1.0756318,-3.5744349,-3.5744349,-0.12828181,-0.12828181,0.012677249,0.012677249,-0.002264352,-0.002264352,-0.020862626,-0.020862626,4.6282469,4.6282469,-4.6876737,-4.6876737,0.00011361776,0.00011361776,-1.4954588e-16,-1.4954631e-16,-3.667319e-19,-3.6740924e-19,3.8957537e-16,3.9036111e-16,-3.857877e-18,-3.8578897e-18,9.0232321e-16,9.0232584e-16,2.5746553e-06,1.1274724e-09,1.7946047e-08,1.7946047e-08
-0.012760081,-0.012760081,-0.011330081,-0.011330081,-0.024090163,-0.024090163,0.12697919,0.12697919,0.13973927,0.13973927,0.038825396,0.038827248,-0.038835342,-0.038835342,0.038827249,0.038827249,-0.038835329,-0.038835329,-2.083805e-07,-2.083805e-07,9.7463607e-20,9.7474119e-20,4.7927423e-09,4.7927423e-09,-0.11561948,-0.11561948,-0.00010371098,-0.00010371098,-0.00010371098,-0.00010371098,-2.2372326e-05,-2.2372326e-05,0.030587012,0.030587012,-0.030616639,-0.030616639,0.0096305649,0.0096305649,-0.020960891,-0.020960891,0.020956447,0.020956447,-0.0096557481,-0.0096557481,-0.011330326,-0.011330326,0.011300699,0.011300699,-0.011330326,-0.011330326,0.011300699,0.011300699,-0.019256931,-0.019256931,-0.096362549,-0.096362549,-0.019256931,-0.019256931,-0.096362549,-0.096362549,4.7927527e-09,4.7927527e-09,-0.11561948,-0.11561948,-0.011330322,-0.011330322,0.011330081,0.011330081,-0.019256936,-0.019256936,-1.1282853e-10,-1.1282853e-10,-1.4914884e-05,-1.4914884e-05,-1.466291e-05,-1.466291e-05,-2.5208626e-07,-2.5208626e-07,-6.3772903e-09,-6.37729e-09,-0.11566423,-0.11566423,-0.98152869,-0.98152869,-7.2279029,-7.2279029,-1.0796775,-1.0796775,-3.5748248,-3.5748248,-0.12837957,-0.12837957,0.012760086,0.012760086,-0.0022660643,-0.0022660643,-0.020863757,-0.020863757,4.6288441,4.6288441,-4.6886719,-4.6886719,0.00011100455,0.00011100455,-1.4954503e-16,-1.4954542e-16,-3.6681175e-19,-3.6745522e-19,3.8961152e-16,3.9035797e-16,-3.8570567e-18,-3.8570682e-18,9.0231784e-16,9.0232021e-16,2.5489088e-06,1.1161977e-09,1.7130022e-08,1.7130022e-08
-0.012841013,-0.012841013,-0.011338451,-0.011338451,-0.024179464,-0.024179464,0.12700145,0.12700145,0.13984246,0.13984246,0.038854193,0.038856027,-0.038863934,-0.038863934,0.038856028,0.038856028,-0.038863922,-0.038863922,-2.0358775e-07,-2.0358775e-07,9.9148871e-20,9.9158332e-20,4.682509e-09,4.682509e-09,-0.11563406,-0.11563406,-0.00010132562,-0.00010132562,-0.00010132562,-0.00010132562,-2.1857762e-05,-2.1857762e-05,0.030609708,0.030609708,-0.030638653,-0.030638653,0.0096376794,0.0096376794,-0.02097637,-0.02097637,0.020972028,0.020972028,-0.0096622835,-0.0096622835,-0.011338691,-0.011338691,0.011309745,0.011309745,-0.011338691,-0.011338691,0.011309745,0.011309745,-0.019271256,-0.019271256,-0.096362795,-0.096362795,-0.019271256,-0.019271256,-0.096362795,-0.096362795,4.6825194e-09,4.6825194e-09,-0.11563406,-0.11563406,-0.011338686,-0.011338686,0.011338451,0.011338451,-0.019271261,-0.019271261,-1.1023348e-10,-1.1023347e-10,-1.4571841e-05,-1.4571841e-05,-1.4325663e-05,-1.4325663e-05,-2.4628828e-07,-2.4628828e-07,-6.2306133e-09,-6.2306131e-09,-0.11567777,-0.11567777,-0.9851219,-0.9851219,-7.2287149,-7.2287149,-1.0836301,-1.0836301,-3.5752057,-3.5752057,-0.12847507,-0.12847507,0.012841018,0.012841018,-0.0022677372,-0.0022677372,-0.020864862,-0.020864862,4.6294274,4.6294274,-4.6896473,-4.6896473,0.00010845145,0.00010845145,-1.495442e-16,-1.4954455e-16,-3.6688884e-19,-3.6750014e-19,3.8964577e-16,3.903549e-16,-3.8562552e-18,-3.8562655e-18,9.0231257e-16,9.023147e-16,2.5234197e-06,1.1050357e-09,1.6351103e-08,1.6351103e-08
-0.012920084,-0.012920084,-0.011346628,-0.011346628,-0.024266712,-0.024266712,0.1270232,0.1270232,0.13994328,0.13994328,0.038882328,0.038884144,-0.038891869,-0.038891869,0.038884145,0.038884145,-0.038891858,-0.038891858,-1.9890523e-07,-1.9890523e-07,1.0079529e-19,1.0080381e-19,4.5748111e-09,4.5748111e-09,-0.11564829,-0.11564829,-9.8995134e-05,-9.8995134e-05,-9.8995134e-05,-9.8995134e-05,-2.1355034e-05,-2.1355034e-05,0.030631881,0.030631881,-0.030660161,-0.030660161,0.0096446303,0.0096446303,-0.020991493,-0.020991493,0.020987251,0.020987251,-0.0096686685,-0.0096686685,-0.011346863,-0.011346863,0.011318582,0.011318582,-0.011346863,-0.011346863,0.011318582,0.011318582,-0.019285253,-0.019285253,-0.096363036,-0.096363036,-0.019285253,-0.019285253,-0.096363036,-0.096363036,4.5748215e-09,4.5748215e-09,-0.11564829,-0.11564829,-0.011346858,-0.011346858,0.011346628,0.011346628,-0.019285257,-0.019285257,-1.0769811e-10,-1.0769811e-10,-1.4236689e-05,-1.4236689e-05,-1.3996173e-05,-1.3996173e-05,-2.4062365e-07,-2.4062365e-07,-6.0873099e-09,-6.0873098e-09,-0.115691,-0.115691,-0.98863247,-0.98863247,-7.2295083,-7.2295083,-1.0874918,-1.0874918,-3.5755778,-3.5755778,-0.12856838,-0.12856838,0.012920088,0.012920088,-0.0022693716,-0.0022693716,-0.020865942,-0.020865942,4.6299974,4.6299974,-4.6906004,-4.6906004,0.00010595706,0.00010595706,-1.4954338e-16,-1.495437e-16,-3.6696329e-19,-3.6754403e-19,3.8967822e-16,3.903519e-16,-3.855472e-18,-3.8554813e-18,9.023074e-16,9.0230932e-16,2.4981855e-06,1.0939854e-09,1.5607602e-08,1.5607602e-08
-0.012997336,-0.012997336,-0.011354618,-0.011354618,-0.024351954,-0.024351954,0.12704445,0.12704445,0.14004178,0.14004178,0.038909816,0.038911614,-0.038919161,-0.038919161,0.038911615,0.038911615,-0.03891915,-0.03891915,-1.9433041e-07,-1.9433041e-07,1.0240377e-19,1.0241144e-19,4.4695902e-09,4.4695902e-09,-0.1156622,-0.1156622,-9.6718246e-05,-9.6718246e-05,-9.6718246e-05,-9.6718246e-05,-2.0863868e-05,-2.0863868e-05,0.030653545,0.030653545,-0.030681175,-0.030681175,0.0096514214,0.0096514214,-0.021006268,-0.021006268,0.021002123,0.021002123,-0.0096749066,-0.0096749066,-0.011354847,-0.011354847,0.011327217,0.011327217,-0.011354847,-0.011354847,0.011327217,0.011327217,-0.019298927,-0.019298927,-0.096363271,-0.096363271,-0.019298927,-0.019298927,-0.096363271,-0.096363271,4.4696006e-09,4.4696006e-09,-0.1156622,-0.1156622,-0.011354842,-0.011354842,0.011354618,0.011354618,-0.019298931,-0.019298931,-1.0522106e-10,-1.0522105e-10,-1.3909245e-05,-1.3909245e-05,-1.3674261e-05,-1.3674261e-05,-2.350893e-07,-2.350893e-07,-5.9473025e-09,-5.9473024e-09,-0.11570393,-0.11570393,-0.9920623,-0.9920623,-7.2302834,-7.2302834,-1.0912647,-1.0912647,-3.5759414,-3.5759414,-0.12865954,-0.12865954,0.01299734,0.01299734,-0.0022709684,-0.0022709684,-0.020866997,-0.020866997,4.6305543,4.6305543,-4.6915317,-4.6915317,0.00010352005,0.00010352005,-1.4954258e-16,-1.4954287e-16,-3.670352e-19,-3.6758691e-19,3.8970896e-16,3.9034895e-16,-3.8547068e-18,-3.8547151e-18,9.0230234e-16,9.0230407e-16,2.4732036e-06,1.0830455e-09,1.4897909e-08,1.4897909e-08
-0.013072811,-0.013072811,-0.011362423,-0.011362423,-0.024435234,-0.024435234,0.12706521,0.12706521,0.14013802,0.14013802,0.038936673,0.038938452,-0.038945826,-0.038945826,0.038938453,0.038938453,-0.038945815,-0.038945815,-1.8986081e-07,-1.8986081e-07,1.039752e-19,1.0398209e-19,4.3667894e-09,4.3667894e-09,-0.11567579,-0.11567579,-9.4493726e-05,-9.4493726e-05,-9.4493726e-05,-9.4493726e-05,-2.0383999e-05,-2.0383999e-05,0.03067471,0.03067471,-0.030701704,-0.030701704,0.0096580562,0.0096580562,-0.021020703,-0.021020703,0.021016654,0.021016654,-0.0096810013,-0.0096810013,-0.011362647,-0.011362647,0.011335653,0.011335653,-0.011362647,-0.011362647,0.011335653,0.011335653,-0.019312287,-0.019312287,-0.096363501,-0.096363501,-0.019312287,-0.019312287,-0.096363501,-0.096363501,4.3667998e-09,4.3667998e-09,-0.11567579,-0.11567579,-0.011362642,-0.011362642,0.011362423,0.011362423,-0.019312291,-0.019312291,-1.0280097e-10,-1.0280097e-10,-1.3589333e-05,-1.3589333e-05,-1.3359753e-05,-1.3359753e-05,-2.2968225e-07,-2.2968225e-07,-5.8105153e-09,-5.8105152e-09,-0.11571656,-0.11571656,-0.99541324,-0.99541324,-7.2310407,-7.2310407,-1.0949508,-1.0949508,-3.5762966,-3.5762966,-0.1287486,-0.1287486,0.013072815,0.013072815,-0.0022725285,-0.0022725285,-0.020868028,-0.020868028,4.6310983,4.6310983,-4.6924417,-4.6924417,0.00010113909,0.00010113909,-1.4954179e-16,-1.4954205e-16,-3.6710468e-19,-3.676288e-19,3.8973807e-16,3.9034606e-16,-3.8539591e-18,-3.8539666e-18,9.0229738e-16,9.0229893e-16,2.4484716e-06,1.0722151e-09,1.4220486e-08,1.4220486e-08
-0.01314655,-0.01314655,-0.011370049,-0.011370049,-0.0245166,-0.0245166,0.12708549,0.12708549,0.14023204,0.14023204,0.038962911,0.038964674,-0.038971877,-0.038971877,0.038964674,0.038964674,-0.038971867,-0.038971867,-1.8549401e-07,-1.8549401e-07,1.0551041e-19,1.0551662e-19,4.266353e-09,4.266353e-09,-0.11568907,-0.11568907,-9.2320371e-05,-9.2320371e-05,-9.2320371e-05,-9.2320371e-05,-1.9915167e-05,-1.9915167e-05,0.030695389,0.030695389,-0.030721762,-0.030721762,0.0096645384,0.0096645384,-0.021034806,-0.021034806,0.02103085,0.02103085,-0.0096869558,-0.0096869558,-0.011370268,-0.011370268,0.011343894,0.011343894,-0.011370268,-0.011370268,0.011343894,0.011343894,-0.019325339,-0.019325339,-0.096363725,-0.096363725,-0.019325339,-0.019325339,-0.096363725,-0.096363725,4.2663634e-09,4.2663634e-09,-0.11568907,-0.11568907,-0.011370264,-0.011370264,0.011370049,0.011370049,-0.019325343,-0.019325343,-1.0043655e-10,-1.0043655e-10,-1.3276778e-05,-1.3276778e-05,-1.3052479e-05,-1.3052479e-05,-2.2439956e-07,-2.2439956e-07,-5.6768741e-09,-5.6768741e-09,-0.1157289,-0.1157289,-0.9986871,-0.9986871,-7.2317805,-7.2317805,-1.0985522,-1.0985522,-3.5766436,-3.5766436,-0.12883562,-0.12883562,0.013146554,0.013146554,-0.0022740527,-0.0022740527,-0.020869035,-0.020869035,4.6316299,4.6316299,-4.693331,-4.693331,9.8812891e-05,9.8812891e-05,-1.4954103e-16,-1.4954126e-16,-3.6717181e-19,-3.6766972e-19,3.8976565e-16,3.9034324e-16,-3.8532285e-18,-3.8532352e-18,9.0229252e-16,9.0229392e-16,2.4239869e-06,1.0614929e-09,1.3573866e-08,1.3573866e-08
-0.013218593,-0.013218593,-0.0113775,-0.0113775,-0.024596093,-0.024596093,0.1271053,0.1271053,0.1403239,0.1403239,0.038988547,0.038990292,-0.038997329,-0.038997329,0.038990292,0.038990292,-0.03899732,-0.03899732,-1.8122765e-07,-1.8122765e-07,1.0701027e-19,1.0701586e-19,4.1682267e-09,4.1682267e-09,-0.11570204,-0.11570204,-9.0197002e-05,-9.0197002e-05,-9.0197002e-05,-9.0197002e-05,-1.9457118e-05,-1.9457118e-05,0.030715592,0.030715592,-0.030741358,-0.030741358,0.0096708716,0.0096708716,-0.021048585,-0.021048585,0.02104472,0.02104472,-0.0096927734,-0.0096927734,-0.011377713,-0.011377713,0.011351947,0.011351947,-0.011377713,-0.011377713,0.011351947,0.011351947,-0.019338091,-0.019338091,-0.096363944,-0.096363944,-0.019338091,-0.019338091,-0.096363944,-0.096363944,4.1682371e-09,4.1682371e-09,-0.11570204,-0.11570204,-0.011377709,-0.011377709,0.0113775,0.0113775,-0.019338096,-0.019338096,-9.8126517e-11,-9.8126517e-11,-1.2971412e-05,-1.2971412e-05,-1.2752272e-05,-1.2752272e-05,-2.1923837e-07,-2.1923837e-07,-5.5463068e-09,-5.5463068e-09,-0.11574095,-0.11574095,-1.0018857,-1.0018857,-7.2325034,-7.2325034,-1.1020707,-1.1020707,-3.5769827,-3.5769827,-0.12892063,-0.12892063,0.013218597,0.013218597,-0.0022755419,-0.0022755419,-0.020870019,-0.020870019,4.6321492,4.6321492,-4.6941999,-4.6941999,9.6540194e-05,9.6540194e-05,-1.4954027e-16,-1.4954048e-16,-3.6723669e-19,-3.6770971e-19,3.8979176e-16,3.9034047e-16,-3.8525146e-18,-3.8525207e-18,9.0228776e-16,9.0228902e-16,2.399747e-06,1.050878e-09,1.2956649e-08,1.2956649e-08
-0.013288979,-0.013288979,-0.011384779,-0.011384779,-0.024673759,-0.024673759,0.12712466,0.12712466,0.14041364,0.14041364,0.039013593,0.03901532,-0.039022196,-0.039022196,0.039015321,0.039015321,-0.039022187,-0.039022187,-1.7705942e-07,-1.7705942e-07,1.0847558e-19,1.0848061e-19,4.0723572e-09,4.0723572e-09,-0.11571471,-0.11571471,-8.8122471e-05,-8.8122471e-05,-8.8122471e-05,-8.8122471e-05,-1.9009604e-05,-1.9009604e-05,0.03073533,0.03073533,-0.030760504,-0.030760504,0.0096770591,0.0096770591,-0.021062047,-0.021062047,0.021058271,0.021058271,-0.0096984571,-0.0096984571,-0.011384988,-0.011384988,0.011359814,0.011359814,-0.011384988,-0.011384988,0.011359814,0.011359814,-0.01935055,-0.01935055,-0.096364159,-0.096364159,-0.01935055,-0.01935055,-0.096364159,-0.096364159,4.0723677e-09,4.0723677e-09,-0.11571471,-0.11571471,-0.011384984,-0.011384984,0.011384779,0.011384779,-0.019350554,-0.019350554,-9.586961e-11,-9.586961e-11,-1.267307e-05,-1.267307e-05,-1.245897e-05,-1.245897e-05,-2.1419588e-07,-2.1419588e-07,-5.4187425e-09,-5.4187425e-09,-0.11575273,-0.11575273,-1.0050107,-1.0050107,-7.2332096,-7.2332096,-1.1055083,-1.1055083,-3.5773139,-3.5773139,-0.12900369,-0.12900369,0.013288984,0.013288984,-0.0022769968,-0.0022769968,-0.02087098,-0.02087098,4.6326565,4.6326565,-4.695049,-4.695049,9.431977e-05,9.431977e-05,-1.4953954e-16,-1.4953972e-16,-3.6729941e-19,-3.6774877e-19,3.8981648e-16,3.9033776e-16,-3.8518172e-18,-3.8518226e-18,9.022831e-16,9.0228423e-16,2.3757495e-06,1.0403692e-09,1.2367497e-08,1.2367497e-08
-0.013357747,-0.013357747,-0.011391891,-0.011391891,-0.024749638,-0.024749638,0.12714358,0.12714358,0.14050132,0.14050132,0.039038064,0.039039773,-0.03904649,-0.03904649,0.039039774,0.039039774,-0.039046482,-0.039046482,-1.7298705e-07,-1.7298705e-07,1.0990715e-19,1.0991167e-19,3.9786928e-09,3.9786928e-09,-0.11572709,-0.11572709,-8.6095654e-05,-8.6095654e-05,-8.6095654e-05,-8.6095654e-05,-1.8572384e-05,-1.8572384e-05,0.030754614,0.030754614,-0.030779209,-0.030779209,0.0096831043,0.0096831043,-0.021075199,-0.021075199,0.02107151,0.02107151,-0.0097040102,-0.0097040102,-0.011392095,-0.011392095,0.0113675,0.0113675,-0.011392095,-0.011392095,0.0113675,0.0113675,-0.019362723,-0.019362723,-0.096364368,-0.096364368,-0.019362723,-0.019362723,-0.096364368,-0.096364368,3.9787032e-09,3.9787032e-09,-0.11572709,-0.11572709,-0.011392091,-0.011392091,0.011391891,0.011391891,-0.019362727,-0.019362727,-9.3664612e-11,-9.3664612e-11,-1.2381589e-05,-1.2381589e-05,-1.2172413e-05,-1.2172413e-05,-2.0926938e-07,-2.0926938e-07,-5.2941121e-09,-5.2941121e-09,-0.11576424,-0.11576424,-1.0080638,-1.0080638,-7.2338996,-7.2338996,-1.1088668,-1.1088668,-3.5776376,-3.5776376,-0.12908484,-0.12908484,0.013357751,0.013357751,-0.0022784182,-0.0022784182,-0.020871919,-0.020871919,4.6331522,4.6331522,-4.6958786,-4.6958786,9.2150415e-05,9.2150415e-05,-1.4953881e-16,-1.4953898e-16,-3.6736004e-19,-3.6778694e-19,3.8983989e-16,3.9033511e-16,-3.8511357e-18,-3.8511406e-18,9.0227853e-16,9.0227955e-16,2.351992e-06,1.0299655e-09,1.1805135e-08,1.1805135e-08
-0.013424932,-0.013424932,-0.01139884,-0.01139884,-0.024823772,-0.024823772,0.12716206,0.12716206,0.14058699,0.14058699,0.039061971,0.039063664,-0.039070226,-0.039070226,0.039063665,0.039063665,-0.039070218,-0.039070218,-1.6900835e-07,-1.6900835e-07,1.1130575e-19,1.1130982e-19,3.8871826e-09,3.8871826e-09,-0.11573919,-0.11573919,-8.4115454e-05,-8.4115454e-05,-8.4115454e-05,-8.4115454e-05,-1.8145219e-05,-1.8145219e-05,0.030773455,0.030773455,-0.030797484,-0.030797484,0.0096890104,0.0096890104,-0.021088049,-0.021088049,0.021084445,0.021084445,-0.0097094355,-0.0097094355,-0.011399039,-0.011399039,0.011375009,0.011375009,-0.011399039,-0.011399039,0.011375009,0.011375009,-0.019374615,-0.019374615,-0.096364572,-0.096364572,-0.019374615,-0.019374615,-0.096364572,-0.096364572,3.8871931e-09,3.8871931e-09,-0.11573919,-0.11573919,-0.011399035,-0.011399035,0.01139884,0.01139884,-0.019374619,-0.019374619,-9.1510329e-11,-9.1510329e-11,-1.2096812e-05,-1.2096812e-05,-1.1892448e-05,-1.1892448e-05,-2.0445618e-07,-2.0445618e-07,-5.1723483e-09,-5.1723483e-09,-0.11577548,-0.11577548,-1.0110467,-1.0110467,-7.2345737,-7.2345737,-1.1121481,-1.1121481,-3.5779537,-3.5779537,-0.12916412,-0.12916412,0.013424936,0.013424936,-0.0022798069,-0.0022798069,-0.020872836,-0.020872836,4.6336365,4.6336365,-4.6966893,-4.6966893,9.0030955e-05,9.0030955e-05,-1.4953811e-16,-1.4953826e-16,-3.6741868e-19,-3.6782423e-19,3.8986206e-16,3.9033251e-16,-3.8504698e-18,-3.8504743e-18,9.0227406e-16,9.0227498e-16,2.3284721e-06,1.0196659e-09,1.1268343e-08,1.1268343e-08
-0.013490573,-0.013490573,-0.011405628,-0.011405628,-0.024896201,-0.024896201,0.12718011,0.12718011,0.14067068,0.14067068,0.039085329,0.039087005,-0.039093417,-0.039093417,0.039087006,0.039087006,-0.039093409,-0.039093409,-1.6512115e-07,-1.6512115e-07,1.1267215e-19,1.1267581e-19,3.7977772e-09,3.7977772e-09,-0.11575101,-0.11575101,-8.2180799e-05,-8.2180799e-05,-8.2180799e-05,-8.2180799e-05,-1.7727879e-05,-1.7727879e-05,0.030791862,0.030791862,-0.030815339,-0.030815339,0.0096947807,0.0096947807,-0.021100603,-0.021100603,0.021097082,0.021097082,-0.009714736,-0.009714736,-0.011405822,-0.011405822,0.011382346,0.011382346,-0.011405822,-0.011405822,0.011382346,0.011382346,-0.019386234,-0.019386234,-0.096364772,-0.096364772,-0.019386234,-0.019386234,-0.096364772,-0.096364772,3.7977877e-09,3.7977877e-09,-0.11575101,-0.11575101,-0.011405819,-0.011405819,0.011405628,0.011405628,-0.019386238,-0.019386238,-8.9405595e-11,-8.9405595e-11,-1.1818586e-05,-1.1818586e-05,-1.1618922e-05,-1.1618922e-05,-1.9975369e-07,-1.9975369e-07,-5.053385e-09,-5.0533851e-09,-0.11578647,-0.11578647,-1.013961,-1.013961,-7.2352323,-7.2352323,-1.1153539,-1.1153539,-3.5782627,-3.5782627,-0.12924158,-0.12924158,0.013490577,0.013490577,-0.0022811637,-0.0022811637,-0.020873733,-0.020873733,4.6341097,4.6341097,-4.6974814,-4.6974814,8.7960243e-05,8.7960243e-05,-1.4953742e-16,-1.4953755e-16,-3.6747539e-19,-3.6786066e-19,3.8988304e-16,3.9032997e-16,-3.8498193e-18,-3.8498232e-18,9.0226969e-16,9.0227052e-16,2.3051874e-06,1.0094692e-09,1.0755961e-08,1.0755961e-08
-0.013554703,-0.013554703,-0.011412261,-0.011412261,-0.024966964,-0.024966964,0.12719775,0.12719775,0.14075245,0.14075245,0.039108151,0.03910981,-0.039116073,-0.039116073,0.03910981,0.03910981,-0.039116066,-0.039116066,-1.6132337e-07,-1.6132337e-07,1.1400709e-19,1.1401039e-19,3.7104281e-09,3.7104281e-09,-0.11576256,-0.11576256,-8.029064e-05,-8.029064e-05,-8.029064e-05,-8.029064e-05,-1.7320137e-05,-1.7320137e-05,0.030809846,0.030809846,-0.030832783,-0.030832783,0.0097004183,0.0097004183,-0.021112869,-0.021112869,0.021109428,0.021109428,-0.0097199146,-0.0097199146,-0.01141245,-0.01141245,0.011389514,0.011389514,-0.01141245,-0.01141245,0.011389514,0.011389514,-0.019397586,-0.019397586,-0.096364967,-0.096364967,-0.019397586,-0.019397586,-0.096364967,-0.096364967,3.7104386e-09,3.7104386e-09,-0.11576256,-0.11576256,-0.011412447,-0.011412447,0.011412261,0.011412261,-0.01939759,-0.01939759,-8.7349269e-11,-8.7349269e-11,-1.1546758e-05,-1.1546758e-05,-1.1351686e-05,-1.1351686e-05,-1.9515936e-07,-1.9515936e-07,-4.9371579e-09,-4.937158e-09,-0.1157972,-0.1157972,-1.0168083,-1.0168083,-7.2358758,-7.2358758,-1.1184859,-1.1184859,-3.5785645,-3.5785645,-0.12931726,-0.12931726,0.013554707,0.013554707,-0.0022824893,-0.0022824893,-0.020874609,-0.020874609,4.634572,4.634572,-4.6982554,-4.6982554,8.5937158e-05,8.5937158e-05,-1.4953674e-16,-1.4953686e-16,-3.6753024e-19,-3.6789625e-19,3.8990289e-16,3.9032748e-16,-3.8491836e-18,-3.8491872e-18,9.0226541e-16,9.0226615e-16,2.2821355e-06,9.9937455e-10,1.0266876e-08,1.0266876e-08
-0.013617359,-0.013617359,-0.01141874,-0.01141874,-0.025036099,-0.025036099,0.12721498,0.12721498,0.14083234,0.14083234,0.039130447,0.039132089,-0.039138209,-0.039138209,0.03913209,0.03913209,-0.039138202,-0.039138202,-1.5761293e-07,-1.5761293e-07,1.153113e-19,1.1531427e-19,3.625088e-09,3.625088e-09,-0.11577384,-0.11577384,-7.8443956e-05,-7.8443956e-05,-7.8443956e-05,-7.8443956e-05,-1.6921774e-05,-1.6921774e-05,0.030827417,0.030827417,-0.030849826,-0.030849826,0.0097059262,0.0097059262,-0.021124852,-0.021124852,0.021121491,0.021121491,-0.0097249741,-0.0097249741,-0.011418926,-0.011418926,0.011396517,0.011396517,-0.011418926,-0.011418926,0.011396517,0.011396517,-0.019408676,-0.019408676,-0.096365158,-0.096365158,-0.019408676,-0.019408676,-0.096365158,-0.096365158,3.6250985e-09,3.6250985e-09,-0.11577384,-0.11577384,-0.011418922,-0.011418922,0.01141874,0.01141874,-0.01940868,-0.01940868,-8.5340239e-11,-8.5340239e-11,-1.1281183e-05,-1.1281183e-05,-1.1090598e-05,-1.1090598e-05,-1.9067069e-07,-1.9067069e-07,-4.8236041e-09,-4.8236041e-09,-0.11580768,-0.11580768,-1.0195901,-1.0195901,-7.2365044,-7.2365044,-1.121546,-1.121546,-3.5788594,-3.5788594,-0.1293912,-0.1293912,0.013617363,0.013617363,-0.0022837844,-0.0022837844,-0.020875464,-0.020875464,4.6350236,4.6350236,-4.6990117,-4.6990117,8.3960603e-05,8.3960603e-05,-1.4953608e-16,-1.4953619e-16,-3.6758332e-19,-3.6793103e-19,3.8992169e-16,3.9032504e-16,-3.8485626e-18,-3.8485658e-18,9.0226122e-16,9.0226189e-16,2.2593142e-06,9.8938081e-10,9.8000311e-09,9.8000311e-09
-0.013678574,-0.013678574,-0.011425071,-0.011425071,-0.025103645,-0.025103645,0.12723182,0.12723182,0.14091039,0.14091039,0.039152231,0.039153857,-0.039159835,-0.039159835,0.039153857,0.039153857,-0.039159829,-0.039159829,-1.5398783e-07,-1.5398783e-07,1.1658548e-19,1.1658816e-19,3.5417108e-09,3.5417108e-09,-0.11578486,-0.11578486,-7.6639745e-05,-7.6639745e-05,-7.6639745e-05,-7.6639745e-05,-1.6532574e-05,-1.6532574e-05,0.030844583,0.030844583,-0.030866477,-0.030866477,0.0097113074,0.0097113074,-0.02113656,-0.02113656,0.021133276,0.021133276,-0.0097299172,-0.0097299172,-0.011425252,-0.011425252,0.011403358,0.011403358,-0.011425252,-0.011425252,0.011403358,0.011403358,-0.019419512,-0.019419512,-0.096365344,-0.096365344,-0.019419512,-0.019419512,-0.096365344,-0.096365344,3.5417213e-09,3.5417213e-09,-0.11578486,-0.11578486,-0.011425249,-0.011425249,0.011425071,0.011425071,-0.019419516,-0.019419516,-8.3377417e-11,-8.3377417e-11,-1.1021716e-05,-1.1021716e-05,-1.0835514e-05,-1.0835514e-05,-1.8628526e-07,-1.8628526e-07,-4.7126619e-09,-4.7126619e-09,-0.11581792,-0.11581792,-1.0223079,-1.0223079,-7.2371186,-7.2371186,-1.1245356,-1.1245356,-3.5791474,-3.5791474,-0.12946343,-0.12946343,0.013678577,0.013678577,-0.0022850498,-0.0022850498,-0.0208763,-0.0208763,4.6354649,4.6354649,-4.6997508,-4.6997508,8.2029509e-05,8.2029509e-05,-1.4953543e-16,-1.4953553e-16,-3.6763468e-19,-3.67965e-19,3.8993947e-16,3.9032266e-16,-3.8479558e-18,-3.8479587e-18,9.0225713e-16,9.0225773e-16,2.236721e-06,9.79487e-10,9.3544139e-09,9.3544139e-09
-0.01373838,-0.01373838,-0.011431256,-0.011431256,-0.025169637,-0.025169637,0.12724827,0.12724827,0.14098665,0.14098665,0.039173514,0.039175124,-0.039180964,-0.039180964,0.039175124,0.039175124,-0.039180958,-0.039180958,-1.5044611e-07,-1.5044611e-07,1.1783034e-19,1.1783275e-19,3.4602512e-09,3.4602512e-09,-0.11579563,-0.11579563,-7.487703e-05,-7.487703e-05,-7.487703e-05,-7.487703e-05,-1.6152324e-05,-1.6152324e-05,0.030861355,0.030861355,-0.030882745,-0.030882745,0.0097165649,0.0097165649,-0.021147998,-0.021147998,0.02114479,0.02114479,-0.0097347467,-0.0097347467,-0.011431433,-0.011431433,0.011410043,0.011410043,-0.011431433,-0.011431433,0.011410043,0.011410043,-0.019430098,-0.019430098,-0.096365526,-0.096365526,-0.019430098,-0.019430098,-0.096365526,-0.096365526,3.4602617e-09,3.4602617e-09,-0.11579563,-0.11579563,-0.01143143,-0.01143143,0.011431256,0.011431256,-0.019430102,-0.019430102,-8.145974e-11,-8.145974e-11,-1.0768216e-05,-1.0768216e-05,-1.0586297e-05,-1.0586297e-05,-1.820007e-07,-1.820007e-07,-4.6042715e-09,-4.6042715e-09,-0.11582793,-0.11582793,-1.0249632,-1.0249632,-7.2377187,-7.2377187,-1.1274565,-1.1274565,-3.5794289,-3.5794289,-0.12953401,-0.12953401,0.013738384,0.013738384,-0.002286286,-0.002286286,-0.020877117,-0.020877117,4.635896,4.635896,-4.7004729,-4.7004729,8.0142831e-05,8.0142831e-05,-1.4953479e-16,-1.4953488e-16,-3.6768439e-19,-3.6799819e-19,3.8995629e-16,3.9032032e-16,-3.8473629e-18,-3.8473655e-18,9.0225312e-16,9.0225366e-16,2.2143538e-06,9.6969213e-10,8.9290594e-09,8.9290594e-09
-0.013796811,-0.013796811,-0.011437299,-0.011437299,-0.025234111,-0.025234111,0.12726434,0.12726434,0.14106115,0.14106115,0.039194308,0.039195901,-0.039201608,-0.039201608,0.039195902,0.039195902,-0.039201601,-0.039201601,-1.4698585e-07,-1.4698585e-07,1.1904655e-19,1.1904871e-19,3.3806652e-09,3.3806652e-09,-0.11580615,-0.11580615,-7.3154859e-05,-7.3154859e-05,-7.3154859e-05,-7.3154859e-05,-1.5780821e-05,-1.5780821e-05,0.03087774,0.03087774,-0.030898639,-0.030898639,0.0097217014,0.0097217014,-0.021159174,-0.021159174,0.021156039,0.021156039,-0.009739465,-0.009739465,-0.011437472,-0.011437472,0.011416574,0.011416574,-0.011437472,-0.011437472,0.011416574,0.011416574,-0.019440441,-0.019440441,-0.096365704,-0.096365704,-0.019440441,-0.019440441,-0.096365704,-0.096365704,3.3806757e-09,3.3806757e-09,-0.11580615,-0.11580615,-0.011437469,-0.011437469,0.011437299,0.011437299,-0.019440444,-0.019440444,-7.9586169e-11,-7.9586169e-11,-1.0520547e-05,-1.0520547e-05,-1.0342812e-05,-1.0342812e-05,-1.7781469e-07,-1.7781469e-07,-4.498374e-09,-4.498374e-09,-0.11583771,-0.11583771,-1.0275574,-1.0275574,-7.238305,-7.238305,-1.1303102,-1.1303102,-3.5797039,-3.5797039,-0.12960296,-0.12960296,0.013796815,0.013796815,-0.0022874938,-0.0022874938,-0.020877915,-0.020877915,4.6363172,4.6363172,-4.7011784,-4.7011784,7.8299546e-05,7.8299546e-05,-1.4953417e-16,-1.4953426e-16,-3.677325e-19,-3.6803062e-19,3.8997221e-16,3.9031804e-16,-3.8467837e-18,-3.846786e-18,9.022492e-16,9.0224968e-16,2.1922103e-06,9.5999522e-10,8.5230461e-09,8.5230461e-09
-0.013853899,-0.013853899,-0.011443203,-0.011443203,-0.025297102,-0.025297102,0.12728004,0.12728004,0.14113394,0.14113394,0.039214623,0.039216201,-0.039221776,-0.039221776,0.039216202,0.039216202,-0.03922177,-0.03922177,-1.4360518e-07,-1.4360518e-07,1.2023476e-19,1.2023671e-19,3.3029097e-09,3.3029097e-09,-0.11581643,-0.11581643,-7.1472297e-05,-7.1472297e-05,-7.1472297e-05,-7.1472297e-05,-1.5417862e-05,-1.5417862e-05,0.030893749,0.030893749,-0.030914167,-0.030914167,0.0097267198,0.0097267198,-0.021170092,-0.021170092,0.021167029,0.021167029,-0.0097440749,-0.0097440749,-0.011443372,-0.011443372,0.011422954,0.011422954,-0.011443372,-0.011443372,0.011422954,0.011422954,-0.019450546,-0.019450546,-0.096365878,-0.096365878,-0.019450546,-0.019450546,-0.096365878,-0.096365878,3.3029202e-09,3.3029202e-09,-0.11581643,-0.11581643,-0.011443369,-0.011443369,0.011443203,0.011443203,-0.019450549,-0.019450549,-7.775569e-11,-7.775569e-11,-1.0278575e-05,-1.0278575e-05,-1.0104927e-05,-1.0104927e-05,-1.7372495e-07,-1.7372495e-07,-4.3949121e-09,-4.3949121e-09,-0.11584726,-0.11584726,-1.0300919,-1.0300919,-7.2388778,-7.2388778,-1.1330983,-1.1330983,-3.5799726,-3.5799726,-0.12967033,-0.12967033,0.013853902,0.013853902,-0.0022886738,-0.0022886738,-0.020878695,-0.020878695,4.6367287,4.6367287,-4.7018679,-4.7018679,7.6498656e-05,7.6498656e-05,-1.4953357e-16,-1.4953364e-16,-3.6777909e-19,-3.680623e-19,3.8998727e-16,3.903158e-16,-3.8462177e-18,-3.8462198e-18,9.0224536e-16,9.022458e-16,2.1702882e-06,9.5039527e-10,8.1354947e-09,8.1354947e-09
-0.013909673,-0.013909673,-0.011448971,-0.011448971,-0.025358644,-0.025358644,0.12729539,0.12729539,0.14120506,0.14120506,0.039234472,0.039236034,-0.03924148,-0.03924148,0.039236034,0.039236034,-0.039241475,-0.039241475,-1.4030226e-07,-1.4030226e-07,1.2139563e-19,1.2139738e-19,3.2269426e-09,3.2269426e-09,-0.11582647,-0.11582647,-6.9828434e-05,-6.9828434e-05,-6.9828434e-05,-6.9828434e-05,-1.5063251e-05,-1.5063251e-05,0.03090939,0.03090939,-0.030929338,-0.030929338,0.0097316228,0.0097316228,-0.021180759,-0.021180759,0.021177767,0.021177767,-0.0097485787,-0.0097485787,-0.011449136,-0.011449136,0.011429188,0.011429188,-0.011449136,-0.011449136,0.011429188,0.011429188,-0.019460419,-0.019460419,-0.096366047,-0.096366047,-0.019460419,-0.019460419,-0.096366047,-0.096366047,3.2269531e-09,3.2269531e-09,-0.11582647,-0.11582647,-0.011449133,-0.011449133,0.011448971,0.011448971,-0.019460422,-0.019460422,-7.5967312e-11,-7.5967312e-11,-1.0042167e-05,-1.0042167e-05,-9.8725141e-06,-9.8725141e-06,-1.6972928e-07,-1.6972928e-07,-4.2938299e-09,-4.2938299e-09,-0.1158566,-0.1158566,-1.0325682,-1.0325682,-7.2394374,-7.2394374,-1.1358222,-1.1358222,-3.5802351,-3.5802351,-0.12973614,-0.12973614,0.013909676,0.013909676,-0.0022898266,-0.0022898266,-0.020879456,-0.020879456,4.6371307,4.6371307,-4.7025415,-4.7025415,7.4739187e-05,7.4739187e-05,-1.4953297e-16,-1.4953304e-16,-3.6782421e-19,-3.6809326e-19,3.900015e-16,3.9031361e-16,-3.8456648e-18,-3.8456667e-18,9.0224161e-16,9.0224201e-16,2.1485853e-06,9.4089132e-10,7.7655656e-09,7.7655656e-09
-0.013964164,-0.013964164,-0.011454607,-0.011454607,-0.025418771,-0.025418771,0.12731037,0.12731037,0.14127454,0.14127454,0.039253864,0.03925541,-0.039260732,-0.039260732,0.039255411,0.039255411,-0.039260726,-0.039260726,-1.3707531e-07,-1.3707531e-07,1.2252978e-19,1.2253136e-19,3.1527227e-09,3.1527227e-09,-0.11583628,-0.11583628,-6.822238e-05,-6.822238e-05,-6.822238e-05,-6.822238e-05,-1.4716796e-05,-1.4716796e-05,0.030924671,0.030924671,-0.03094416,-0.03094416,0.009736413,0.009736413,-0.021191181,-0.021191181,0.021188258,0.021188258,-0.0097529789,-0.0097529789,-0.011454768,-0.011454768,0.011435279,0.011435279,-0.011454768,-0.011454768,0.011435279,0.011435279,-0.019470064,-0.019470064,-0.096366213,-0.096366213,-0.019470064,-0.019470064,-0.096366213,-0.096366213,3.1527332e-09,3.1527332e-09,-0.11583628,-0.11583628,-0.011454765,-0.011454765,0.011454607,0.011454607,-0.019470067,-0.019470067,-7.4220067e-11,-7.4220067e-11,-9.8111976e-06,-9.8111976e-06,-9.6454463e-06,-9.6454463e-06,-1.658255e-07,-1.658255e-07,-4.1950726e-09,-4.1950726e-09,-0.11586571,-0.11586571,-1.0349875,-1.0349875,-7.2399841,-7.2399841,-1.1384835,-1.1384835,-3.5804915,-3.5804915,-0.12980044,-0.12980044,0.013964167,0.013964167,-0.002290953,-0.002290953,-0.0208802,-0.0208802,4.6375235,4.6375235,-4.7031998,-4.7031998,7.3020186e-05,7.3020186e-05,-1.4953239e-16,-1.4953245e-16,-3.678679e-19,-3.681235e-19,3.9001497e-16,3.9031147e-16,-3.8451245e-18,-3.8451262e-18,9.0223795e-16,9.022383e-16,2.1270994e-06,9.3148241e-10,7.4124576e-09,7.4124576e-09
-0.014017402,-0.014017402,-0.011460113,-0.011460113,-0.025477515,-0.025477515,0.12732502,0.12732502,0.14134242,0.14134242,0.039272811,0.039274341,-0.03927954,-0.03927954,0.039274342,0.039274342,-0.039279535,-0.039279535,-1.3392257e-07,-1.3392257e-07,1.2363783e-19,1.2363925e-19,3.0802098e-09,3.0802098e-09,-0.11584587,-0.11584587,-6.6653265e-05,-6.6653265e-05,-6.6653265e-05,-6.6653265e-05,-1.437831e-05,-1.437831e-05,0.0309396,0.0309396,-0.030958641,-0.030958641,0.0097410931,0.0097410931,-0.021201363,-0.021201363,0.021198507,0.021198507,-0.0097572779,-0.0097572779,-0.01146027,-0.01146027,0.011441229,0.011441229,-0.01146027,-0.01146027,0.011441229,0.011441229,-0.019479488,-0.019479488,-0.096366375,-0.096366375,-0.019479488,-0.019479488,-0.096366375,-0.096366375,3.0802204e-09,3.0802204e-09,-0.11584587,-0.11584587,-0.011460267,-0.011460267,0.011460113,0.011460113,-0.019479491,-0.019479491,-7.2513009e-11,-7.2513009e-11,-9.58554e-06,-9.58554e-06,-9.423601e-06,-9.423601e-06,-1.6201152e-07,-1.6201152e-07,-4.0985867e-09,-4.0985867e-09,-0.11587462,-0.11587462,-1.0373512,-1.0373512,-7.2405183,-7.2405183,-1.1410836,-1.1410836,-3.5807421,-3.5807421,-0.12986327,-0.12986327,0.014017405,0.014017405,-0.0022920534,-0.0022920534,-0.020880927,-0.020880927,4.6379073,4.6379073,-4.7038429,-4.7038429,7.1340721e-05,7.1340721e-05,-1.4953183e-16,-1.4953188e-16,-3.6791023e-19,-3.6815305e-19,3.900277e-16,3.9030938e-16,-3.8445967e-18,-3.8445982e-18,9.0223436e-16,9.0223468e-16,2.1058285e-06,9.2216759e-10,7.0754057e-09,7.0754057e-09
-0.014069416,-0.014069416,-0.011465492,-0.011465492,-0.025534907,-0.025534907,0.12733932,0.12733932,0.14140874,0.14140874,0.039291321,0.039292837,-0.039297916,-0.039297916,0.039292838,0.039292838,-0.039297911,-0.039297911,-1.3084236e-07,-1.3084236e-07,1.2472039e-19,1.2472167e-19,3.0093648e-09,3.0093648e-09,-0.11585523,-0.11585523,-6.512024e-05,-6.512024e-05,-6.512024e-05,-6.512024e-05,-1.4047609e-05,-1.4047609e-05,0.030954186,0.030954186,-0.030972789,-0.030972789,0.0097456655,0.0097456655,-0.021211311,-0.021211311,0.021208521,0.021208521,-0.0097614781,-0.0097614781,-0.011465646,-0.011465646,0.011447043,0.011447043,-0.011465646,-0.011465646,0.011447043,0.011447043,-0.019488694,-0.019488694,-0.096366534,-0.096366534,-0.019488694,-0.019488694,-0.096366534,-0.096366534,3.0093753e-09,3.0093753e-09,-0.11585523,-0.11585523,-0.011465643,-0.011465643,0.011465492,0.011465492,-0.019488697,-0.019488697,-7.0845213e-11,-7.0845213e-11,-9.3650726e-06,-9.3650726e-06,-9.2068582e-06,-9.2068582e-06,-1.5828525e-07,-1.5828525e-07,-4.0043199e-09,-4.0043199e-09,-0.11588333,-0.11588333,-1.0396604,-1.0396604,-7.2410402,-7.2410402,-1.1436239,-1.1436239,-3.5809868,-3.5809868,-0.12992465,-0.12992465,0.014069419,0.014069419,-0.0022931286,-0.0022931286,-0.020881638,-0.020881638,4.6382822,4.6382822,-4.7044714,-4.7044714,6.9699885e-05,6.9699885e-05,-1.4953127e-16,-1.4953132e-16,-3.6795124e-19,-3.6818191e-19,3.9003973e-16,3.9030732e-16,-3.844081e-18,-3.8440824e-18,9.0223085e-16,9.0223114e-16,2.0847702e-06,9.1294591e-10,6.7536799e-09,6.7536799e-09
-0.014120233,-0.014120233,-0.011470747,-0.011470747,-0.02559098,-0.02559098,0.1273533,0.1273533,0.14147353,0.14147353,0.039309407,0.039310907,-0.039315869,-0.039315869,0.039310908,0.039310908,-0.039315865,-0.039315865,-1.2783298e-07,-1.2783298e-07,1.2577804e-19,1.2577919e-19,2.9401492e-09,2.9401492e-09,-0.11586438,-0.11586438,-6.3622475e-05,-6.3622475e-05,-6.3622475e-05,-6.3622475e-05,-1.3724514e-05,-1.3724514e-05,0.030968437,0.030968437,-0.030986612,-0.030986612,0.0097501327,0.0097501327,-0.02122103,-0.02122103,0.021218304,0.021218304,-0.0097655816,-0.0097655816,-0.011470898,-0.011470898,0.011452723,0.011452723,-0.011470898,-0.011470898,0.011452723,0.011452723,-0.01949769,-0.01949769,-0.096366688,-0.096366688,-0.01949769,-0.01949769,-0.096366688,-0.096366688,2.9401597e-09,2.9401597e-09,-0.11586438,-0.11586438,-0.011470895,-0.011470895,0.011470747,0.011470747,-0.019497692,-0.019497692,-6.9215776e-11,-6.9215776e-11,-9.1496759e-06,-9.1496759e-06,-8.9951005e-06,-8.9951005e-06,-1.5464469e-07,-1.5464469e-07,-3.9122213e-09,-3.9122213e-09,-0.11589183,-0.11589183,-1.0419166,-1.0419166,-7.2415501,-7.2415501,-1.1461058,-1.1461058,-3.581226,-3.581226,-0.12998461,-0.12998461,0.014120236,0.014120236,-0.002294179,-0.002294179,-0.020882332,-0.020882332,4.6386485,4.6386485,-4.7050854,-4.7050854,6.8096787e-05,6.8096787e-05,-1.4953073e-16,-1.4953077e-16,-3.6799097e-19,-3.6821012e-19,3.900511e-16,3.9030532e-16,-3.8435771e-18,-3.8435784e-18,9.0222743e-16,9.0222768e-16,2.0639225e-06,9.0381646e-10,6.4465834e-09,6.4465834e-09
-0.014169881,-0.014169881,-0.011475882,-0.011475882,-0.025645763,-0.025645763,0.12736696,0.12736696,0.14153684,0.14153684,0.039327076,0.039328562,-0.03933341,-0.03933341,0.039328562,0.039328562,-0.039333405,-0.039333405,-1.2489282e-07,-1.2489282e-07,1.2681135e-19,1.2681239e-19,2.8725255e-09,2.8725255e-09,-0.11587332,-0.11587332,-6.2159158e-05,-6.2159158e-05,-6.2159158e-05,-6.2159158e-05,-1.340885e-05,-1.340885e-05,0.03098236,0.03098236,-0.031000117,-0.031000117,0.0097544972,0.0097544972,-0.021230526,-0.021230526,0.021227862,0.021227862,-0.0097695908,-0.0097695908,-0.011476029,-0.011476029,0.011458272,0.011458272,-0.011476029,-0.011476029,0.011458272,0.011458272,-0.019506478,-0.019506478,-0.096366839,-0.096366839,-0.019506478,-0.019506478,-0.096366839,-0.096366839,2.8725361e-09,2.8725361e-09,-0.11587332,-0.11587332,-0.011476026,-0.011476026,0.011475882,0.011475882,-0.019506481,-0.019506481,-6.7623817e-11,-6.7623817e-11,-8.9392334e-06,-8.9392334e-06,-8.7882132e-06,-8.7882132e-06,-1.5108786e-07,-1.5108786e-07,-3.822241e-09,-3.822241e-09,-0.11590014,-0.11590014,-1.0441209,-1.0441209,-7.2420482,-7.2420482,-1.1485306,-1.1485306,-3.5814597,-3.5814597,-0.1300432,-0.1300432,0.014169884,0.014169884,-0.0022952052,-0.0022952052,-0.02088301,-0.02088301,4.6390064,4.6390064,-4.7056854,-4.7056854,6.6530561e-05,6.6530561e-05,-1.495302e-16,-1.4953024e-16,-3.6802948e-19,-3.6823767e-19,3.9006185e-16,3.9030336e-16,-3.8430848e-18,-3.843086e-18,9.0222407e-16,9.0222431e-16,2.0432832e-06,8.947783e-10,6.1534508e-09,6.1534508e-09
-0.014218388,-0.014218388,-0.011480898,-0.011480898,-0.025699286,-0.025699286,0.1273803,0.1273803,0.14159869,0.14159869,0.03934434,0.03934581,-0.039350547,-0.039350547,0.039345811,0.039345811,-0.039350542,-0.039350542,-1.2202029e-07,-1.2202029e-07,1.2782089e-19,1.2782182e-19,2.8064572e-09,2.8064572e-09,-0.11588205,-0.11588205,-6.0729497e-05,-6.0729497e-05,-6.0729497e-05,-6.0729497e-05,-1.3100447e-05,-1.3100447e-05,0.030995962,0.030995962,-0.031013311,-0.031013311,0.0097587613,0.0097587613,-0.021239803,-0.021239803,0.021237201,0.021237201,-0.0097735077,-0.0097735077,-0.011481042,-0.011481042,0.011463693,0.011463693,-0.011481042,-0.011481042,0.011463693,0.011463693,-0.019515064,-0.019515064,-0.096366987,-0.096366987,-0.019515064,-0.019515064,-0.096366987,-0.096366987,2.8064678e-09,2.8064678e-09,-0.11588205,-0.11588205,-0.011481039,-0.011481039,0.011480898,0.011480898,-0.019515067,-0.019515067,-6.6068472e-11,-6.6068472e-11,-8.733631e-06,-8.733631e-06,-8.5860843e-06,-8.5860843e-06,-1.4761284e-07,-1.4761284e-07,-3.7343302e-09,-3.7343302e-09,-0.11590825,-0.11590825,-1.0462745,-1.0462745,-7.2425349,-7.2425349,-1.1508996,-1.1508996,-3.5816879,-3.5816879,-0.13010044,-0.13010044,0.014218391,0.014218391,-0.0022962078,-0.0022962078,-0.020883672,-0.020883672,4.639356,4.639356,-4.7062716,-4.7062716,6.5000358e-05,6.5000358e-05,-1.4952968e-16,-1.4952971e-16,-3.6806681e-19,-3.6826459e-19,3.9007201e-16,3.9030144e-16,-3.8426039e-18,-3.8426049e-18,9.022208e-16,9.0222101e-16,2.0228504e-06,8.8583051e-10,5.8736472e-09,5.8736472e-09
-0.014265779,-0.014265779,-0.0114858,-0.0114858,-0.025751578,-0.025751578,0.12739333,0.12739333,0.14165911,0.14165911,0.039361206,0.039362662,-0.03936729,-0.03936729,0.039362663,0.039362663,-0.039367285,-0.039367285,-1.1921382e-07,-1.1921382e-07,1.2880719e-19,1.2880803e-19,2.7419085e-09,2.7419085e-09,-0.11589059,-0.11589059,-5.9332719e-05,-5.9332719e-05,-5.9332719e-05,-5.9332719e-05,-1.2799136e-05,-1.2799136e-05,0.031009252,0.031009252,-0.031026202,-0.031026202,0.0097629273,0.0097629273,-0.021248867,-0.021248867,0.021246325,0.021246325,-0.0097773346,-0.0097773346,-0.01148594,-0.01148594,0.01146899,0.01146899,-0.01148594,-0.01148594,0.01146899,0.01146899,-0.019523452,-0.019523452,-0.096367131,-0.096367131,-0.019523452,-0.019523452,-0.096367131,-0.096367131,2.741919e-09,2.741919e-09,-0.11589059,-0.11589059,-0.011485937,-0.011485937,0.0114858,0.0114858,-0.019523455,-0.019523455,-6.45489e-11,-6.45489e-11,-8.5327575e-06,-8.5327575e-06,-8.3886043e-06,-8.3886043e-06,-1.4421775e-07,-1.4421775e-07,-3.6484414e-09,-3.6484414e-09,-0.11591618,-0.11591618,-1.0483786,-1.0483786,-7.2430104,-7.2430104,-1.1532141,-1.1532141,-3.581911,-3.581911,-0.13015637,-0.13015637,0.014265782,0.014265782,-0.0022971874,-0.0022971874,-0.020884319,-0.020884319,4.6396977,4.6396977,-4.7068445,-4.7068445,6.350535e-05,6.350535e-05,-1.4952917e-16,-1.495292e-16,-3.68103e-19,-3.6829089e-19,3.900816e-16,3.9029956e-16,-3.842134e-18,-3.8421349e-18,9.022176e-16,9.0221778e-16,2.0026219e-06,8.7697221e-10,5.6065666e-09,5.6065666e-09
-0.01431208,-0.01431208,-0.011490588,-0.011490588,-0.025802668,-0.025802668,0.12740607,0.12740607,0.14171815,0.14171815,0.039377685,0.039379126,-0.039383647,-0.039383647,0.039379127,0.039379127,-0.039383643,-0.039383643,-1.164719e-07,-1.164719e-07,1.2977081e-19,1.2977157e-19,2.6788443e-09,2.6788443e-09,-0.11589892,-0.11589892,-5.7968066e-05,-5.7968066e-05,-5.7968066e-05,-5.7968066e-05,-1.2504756e-05,-1.2504756e-05,0.031022236,0.031022236,-0.031038796,-0.031038796,0.0097669975,0.0097669975,-0.021257723,-0.021257723,0.021255239,0.021255239,-0.0097810734,-0.0097810734,-0.011490725,-0.011490725,0.011474165,0.011474165,-0.011490725,-0.011490725,0.011474165,0.011474165,-0.019531648,-0.019531648,-0.096367272,-0.096367272,-0.019531648,-0.019531648,-0.096367272,-0.096367272,2.6788549e-09,2.6788549e-09,-0.11589892,-0.11589892,-0.011490722,-0.011490722,0.011490588,0.011490588,-0.019531651,-0.019531651,-6.3064279e-11,-6.3064279e-11,-8.3365041e-06,-8.3365041e-06,-8.1956664e-06,-8.1956664e-06,-1.4090074e-07,-1.4090074e-07,-3.564528e-09,-3.564528e-09,-0.11592393,-0.11592393,-1.0504342,-1.0504342,-7.243475,-7.243475,-1.1554754,-1.1554754,-3.5821289,-3.5821289,-0.130211,-0.130211,0.014312082,0.014312082,-0.0022981445,-0.0022981445,-0.020884952,-0.020884952,4.6400314,4.6400314,-4.7074042,-4.7074042,6.2044727e-05,6.2044727e-05,-1.4952868e-16,-1.4952871e-16,-3.6813809e-19,-3.6831659e-19,3.9009066e-16,3.9029772e-16,-3.8416748e-18,-3.8416757e-18,9.0221446e-16,9.0221463e-16,1.9825957e-06,8.6820249e-10,5.3516304e-09,5.3516304e-09
-0.014357316,-0.014357316,-0.011495266,-0.011495266,-0.025852582,-0.025852582,0.12741851,0.12741851,0.14177583,0.14177583,0.039393785,0.039395212,-0.039399629,-0.039399629,0.039395213,0.039395213,-0.039399625,-0.039399625,-1.1379305e-07,-1.1379305e-07,1.3071226e-19,1.3071294e-19,2.6172307e-09,2.6172307e-09,-0.11590707,-0.11590707,-5.6634801e-05,-5.6634801e-05,-5.6634801e-05,-5.6634801e-05,-1.2217147e-05,-1.2217147e-05,0.031034922,0.031034922,-0.031051101,-0.031051101,0.0097709741,0.0097709741,-0.021266374,-0.021266374,0.021263947,0.021263947,-0.0097847263,-0.0097847263,-0.0114954,-0.0114954,0.011479221,0.011479221,-0.0114954,-0.0114954,0.011479221,0.011479221,-0.019539655,-0.019539655,-0.09636741,-0.09636741,-0.019539655,-0.019539655,-0.09636741,-0.09636741,2.6172413e-09,2.6172413e-09,-0.11590707,-0.11590707,-0.011495398,-0.011495398,0.011495266,0.011495266,-0.019539658,-0.019539658,-6.1613803e-11,-6.1613803e-11,-8.1447645e-06,-8.1447645e-06,-8.0071661e-06,-8.0071661e-06,-1.3766002e-07,-1.3766002e-07,-3.4825446e-09,-3.4825446e-09,-0.1159315,-0.1159315,-1.0524426,-1.0524426,-7.2439289,-7.2439289,-1.1576846,-1.1576846,-3.5823418,-3.5823418,-0.13026438,-0.13026438,0.014357318,0.014357318,-0.0022990795,-0.0022990795,-0.020885569,-0.020885569,4.6403575,4.6403575,-4.707951,-4.707951,6.0617698e-05,6.0617698e-05,-1.4952819e-16,-1.4952822e-16,-3.6817212e-19,-3.6834169e-19,3.9009921e-16,3.9029592e-16,-3.8412263e-18,-3.841227e-18,9.022114e-16,9.0221156e-16,1.9627697e-06,8.5952047e-10,5.1082864e-09,5.1082864e-09
-0.014401511,-0.014401511,-0.011499837,-0.011499837,-0.025901348,-0.025901348,0.12743067,0.12743067,0.14183218,0.14183218,0.039409515,0.039410928,-0.039415243,-0.039415243,0.039410928,0.039410928,-0.039415239,-0.039415239,-1.1117581e-07,-1.1117581e-07,1.3163205e-19,1.3163266e-19,2.5570342e-09,2.5570342e-09,-0.11591502,-0.11591502,-5.53322e-05,-5.53322e-05,-5.53322e-05,-5.53322e-05,-1.1936152e-05,-1.1936152e-05,0.031047315,0.031047315,-0.031063122,-0.031063122,0.0097748592,0.0097748592,-0.021274827,-0.021274827,0.021272456,0.021272456,-0.0097882951,-0.0097882951,-0.011499968,-0.011499968,0.011484161,0.011484161,-0.011499968,-0.011499968,0.011484161,0.011484161,-0.019547478,-0.019547478,-0.096367544,-0.096367544,-0.019547478,-0.019547478,-0.096367544,-0.096367544,2.5570448e-09,2.5570448e-09,-0.11591502,-0.11591502,-0.011499965,-0.011499965,0.011499837,0.011499837,-0.019547481,-0.019547481,-6.0196689e-11,-6.0196689e-11,-7.9574349e-06,-7.9574349e-06,-7.8230013e-06,-7.8230013e-06,-1.3449384e-07,-1.3449384e-07,-3.4024468e-09,-3.4024468e-09,-0.1159389,-0.1159389,-1.0544048,-1.0544048,-7.2443723,-7.2443723,-1.1598431,-1.1598431,-3.5825498,-3.5825498,-0.13031654,-0.13031654,0.014401514,0.014401514,-0.002299993,-0.002299993,-0.020886173,-0.020886173,4.6406761,4.6406761,-4.7084854,-4.7084854,5.9223491e-05,5.9223491e-05,-1.4952772e-16,-1.4952774e-16,-3.6820513e-19,-3.6836622e-19,3.9010729e-16,3.9029416e-16,-3.840788e-18,-3.8407887e-18,9.0220841e-16,9.0220855e-16,1.943142e-06,8.5092527e-10,4.8760075e-09,4.8760075e-09
-0.01444469,-0.01444469,-0.011504303,-0.011504303,-0.025948993,-0.025948993,0.12744254,0.12744254,0.14188723,0.14188723,0.039424883,0.039426282,-0.039430497,-0.039430497,0.039426282,0.039426282,-0.039430494,-0.039430494,-1.0861877e-07,-1.0861877e-07,1.3253067e-19,1.3253122e-19,2.4982222e-09,2.4982222e-09,-0.1159228,-0.1159228,-5.405956e-05,-5.405956e-05,-5.405956e-05,-5.405956e-05,-1.1661621e-05,-1.1661621e-05,0.031059424,0.031059424,-0.031074867,-0.031074867,0.009778655,0.009778655,-0.021283085,-0.021283085,0.021280769,0.021280769,-0.0097917818,-0.0097917818,-0.01150443,-0.01150443,0.011488987,0.011488987,-0.01150443,-0.01150443,0.011488987,0.011488987,-0.019555121,-0.019555121,-0.096367676,-0.096367676,-0.019555121,-0.019555121,-0.096367676,-0.096367676,2.4982328e-09,2.4982328e-09,-0.1159228,-0.1159228,-0.011504428,-0.011504428,0.011504303,0.011504303,-0.019555124,-0.019555124,-5.8812169e-11,-5.8812169e-11,-7.7744139e-06,-7.7744139e-06,-7.6430722e-06,-7.6430722e-06,-1.3140048e-07,-1.3140048e-07,-3.3241913e-09,-3.3241913e-09,-0.11594612,-0.11594612,-1.0563219,-1.0563219,-7.2448055,-7.2448055,-1.1619519,-1.1619519,-3.582753,-3.582753,-0.13036749,-0.13036749,0.014444693,0.014444693,-0.0023008856,-0.0023008856,-0.020886762,-0.020886762,4.6409873,4.6409873,-4.7090075,-4.7090075,5.7861351e-05,5.7861351e-05,-1.4952726e-16,-1.4952728e-16,-3.6823714e-19,-3.6839018e-19,3.9011491e-16,3.9029244e-16,-3.8403598e-18,-3.8403604e-18,9.0220549e-16,9.0220561e-16,1.9237106e-06,8.4241602e-10,4.6542906e-09,4.6542906e-09
-0.014486876,-0.014486876,-0.011508665,-0.011508665,-0.025995542,-0.025995542,0.12745415,0.12745415,0.14194102,0.14194102,0.039439898,0.039441283,-0.039445401,-0.039445401,0.039441283,0.039441283,-0.039445398,-0.039445398,-1.0612053e-07,-1.0612053e-07,1.3340863e-19,1.3340912e-19,2.4407628e-09,2.4407628e-09,-0.11593039,-0.11593039,-5.281619e-05,-5.281619e-05,-5.281619e-05,-5.281619e-05,-1.1393404e-05,-1.1393404e-05,0.031071254,0.031071254,-0.031086342,-0.031086342,0.0097823635,0.0097823635,-0.021291154,-0.021291154,0.021288891,0.021288891,-0.0097951884,-0.0097951884,-0.01150879,-0.01150879,0.011493702,0.011493702,-0.01150879,-0.01150879,0.011493702,0.011493702,-0.019562589,-0.019562589,-0.096367804,-0.096367804,-0.019562589,-0.019562589,-0.096367804,-0.096367804,2.4407734e-09,2.4407734e-09,-0.11593039,-0.11593039,-0.011508788,-0.011508788,0.011508665,0.011508665,-0.019562591,-0.019562591,-5.7459492e-11,-5.7459492e-11,-7.5956024e-06,-7.5956024e-06,-7.4672816e-06,-7.4672816e-06,-1.2837827e-07,-1.2837827e-07,-3.2477356e-09,-3.2477356e-09,-0.11595318,-0.11595318,-1.0581948,-1.0581948,-7.2452288,-7.2452288,-1.1640122,-1.1640122,-3.5829515,-3.5829515,-0.13041727,-0.13041727,0.014486879,0.014486879,-0.0023017576,-0.0023017576,-0.020887339,-0.020887339,4.6412914,4.6412914,-4.7095176,-4.7095176,5.653054e-05,5.653054e-05,-1.495268e-16,-1.4952682e-16,-3.6826821e-19,-3.6841359e-19,3.9012211e-16,3.9029076e-16,-3.8399415e-18,-3.8399421e-18,9.0220263e-16,9.0220274e-16,1.9044735e-06,8.3399186e-10,4.4426553e-09,4.4426553e-09
-0.014528092,-0.014528092,-0.011512928,-0.011512928,-0.02604102,-0.02604102,0.12746548,0.12746548,0.14199357,0.14199357,0.039454568,0.039455939,-0.039459963,-0.039459963,0.039455939,0.039455939,-0.03945996,-0.03945996,-1.0367976e-07,-1.0367976e-07,1.3426639e-19,1.3426683e-19,2.3846251e-09,2.3846251e-09,-0.11593782,-0.11593782,-5.1601417e-05,-5.1601417e-05,-5.1601418e-05,-5.1601418e-05,-1.1131355e-05,-1.1131355e-05,0.031082812,0.031082812,-0.031097553,-0.031097553,0.0097859867,0.0097859867,-0.021299037,-0.021299037,0.021296825,0.021296825,-0.0097985166,-0.0097985166,-0.01151305,-0.01151305,0.011498309,0.011498309,-0.01151305,-0.01151305,0.011498309,0.011498309,-0.019569884,-0.019569884,-0.096367929,-0.096367929,-0.019569884,-0.019569884,-0.096367929,-0.096367929,2.3846357e-09,2.3846357e-09,-0.11593782,-0.11593782,-0.011513047,-0.011513047,0.011512928,0.011512928,-0.019569887,-0.019569887,-5.6137927e-11,-5.6137927e-11,-7.4209035e-06,-7.4209035e-06,-7.2955341e-06,-7.2955341e-06,-1.2542557e-07,-1.2542557e-07,-3.1730385e-09,-3.1730385e-09,-0.11596008,-0.11596008,-1.0600247,-1.0600247,-7.2456424,-7.2456424,-1.1660252,-1.1660252,-3.5831455,-3.5831455,-0.13046591,-0.13046591,0.014528094,0.014528094,-0.0023026095,-0.0023026095,-0.020887901,-0.020887901,4.6415885,4.6415885,-4.710016,-4.710016,5.5230338e-05,5.5230338e-05,-1.4952636e-16,-1.4952638e-16,-3.6829835e-19,-3.6843647e-19,3.9012889e-16,3.9028911e-16,-3.8395328e-18,-3.8395333e-18,9.0219984e-16,9.0219994e-16,1.8854288e-06,8.2565194e-10,4.2406434e-09,4.2406434e-09
-0.01456836,-0.01456836,-0.011517092,-0.011517092,-0.026085452,-0.026085452,0.12747656,0.12747656,0.14204492,0.14204492,0.039468901,0.039470257,-0.039474189,-0.039474189,0.039470258,0.039470258,-0.039474186,-0.039474186,-1.0129513e-07,-1.0129513e-07,1.3510441e-19,1.3510481e-19,2.3297785e-09,2.3297785e-09,-0.11594507,-0.11594507,-5.0414585e-05,-5.0414585e-05,-5.0414585e-05,-5.0414585e-05,-1.0875334e-05,-1.0875334e-05,0.031094104,0.031094104,-0.031108506,-0.031108506,0.0097895265,0.0097895265,-0.021306738,-0.021306738,0.021304578,0.021304578,-0.0098017683,-0.0098017683,-0.011517212,-0.011517212,0.011502809,0.011502809,-0.011517212,-0.011517212,0.011502809,0.011502809,-0.019577012,-0.019577012,-0.096368052,-0.096368052,-0.019577012,-0.019577012,-0.096368052,-0.096368052,2.3297891e-09,2.3297891e-09,-0.11594507,-0.11594507,-0.011517209,-0.011517209,0.011517092,0.011517092,-0.019577014,-0.019577014,-5.4846758e-11,-5.4846758e-11,-7.2502228e-06,-7.2502228e-06,-7.1277368e-06,-7.1277368e-06,-1.2254078e-07,-1.2254078e-07,-3.1000593e-09,-3.1000593e-09,-0.11596682,-0.11596682,-1.0618125,-1.0618125,-7.2460464,-7.2460464,-1.1679918,-1.1679918,-3.583335,-3.583335,-0.13051343,-0.13051343,0.014568362,0.014568362,-0.0023034418,-0.0023034418,-0.020888451,-0.020888451,4.6418788,4.6418788,-4.7105031,-4.7105031,5.396004e-05,5.396004e-05,-1.4952593e-16,-1.4952595e-16,-3.683276e-19,-3.6845881e-19,3.901353e-16,3.902875e-16,-3.8391335e-18,-3.8391339e-18,9.0219711e-16,9.021972e-16,1.8665745e-06,8.1739542e-10,4.0478171e-09,4.0478171e-09
-0.014607701,-0.014607701,-0.011521161,-0.011521161,-0.026128862,-0.026128862,0.12748738,0.12748738,0.14209508,0.14209508,0.039482904,0.039484247,-0.039488088,-0.039488088,0.039484248,0.039484248,-0.039488085,-0.039488085,-9.896534e-08,-9.896534e-08,1.3592316e-19,1.3592352e-19,2.2761933e-09,2.2761933e-09,-0.11595215,-0.11595215,-4.9255049e-05,-4.9255049e-05,-4.9255049e-05,-4.9255049e-05,-1.0625201e-05,-1.0625201e-05,0.031105137,0.031105137,-0.031119208,-0.031119208,0.0097929849,0.0097929849,-0.021314262,-0.021314262,0.021312152,0.021312152,-0.0098049451,-0.0098049451,-0.011521277,-0.011521277,0.011507207,0.011507207,-0.011521277,-0.011521277,0.011507207,0.011507207,-0.019583976,-0.019583976,-0.096368172,-0.096368172,-0.019583976,-0.019583976,-0.096368172,-0.096368172,2.2762039e-09,2.2762039e-09,-0.11595215,-0.11595215,-0.011521275,-0.011521275,0.011521161,0.011521161,-0.019583978,-0.019583978,-5.3585285e-11,-5.3585285e-11,-7.0834676e-06,-7.0834676e-06,-6.9637989e-06,-6.9637989e-06,-1.1972234e-07,-1.1972234e-07,-3.0287587e-09,-3.0287587e-09,-0.1159734,-0.1159734,-1.0635592,-1.0635592,-7.2464411,-7.2464411,-1.1699132,-1.1699132,-3.5835202,-3.5835202,-0.13055985,-0.13055985,0.014607704,0.014607704,-0.002304255,-0.002304255,-0.020888989,-0.020888989,4.6421624,4.6421624,-4.7109789,-4.7109789,5.2718959e-05,5.2718959e-05,-1.4952551e-16,-1.4952552e-16,-3.68356e-19,-3.6848065e-19,3.9014133e-16,3.9028593e-16,-3.8387433e-18,-3.8387437e-18,9.0219444e-16,9.0219453e-16,1.8479087e-06,8.0922147e-10,3.8637588e-09,3.8637588e-09
-0.014646138,-0.014646138,-0.011525136,-0.011525136,-0.026171274,-0.026171274,0.12749795,0.12749795,0.14214409,0.14214409,0.039496585,0.039497915,-0.039501667,-0.039501667,0.039497915,0.039497915,-0.039501665,-0.039501665,-9.6689137e-08,-9.6689137e-08,1.3672307e-19,1.367234e-19,2.2238407e-09,2.2238407e-09,-0.11595907,-0.11595907,-4.8122183e-05,-4.8122183e-05,-4.8122183e-05,-4.8122183e-05,-1.0380822e-05,-1.0380822e-05,0.031115915,0.031115915,-0.031129663,-0.031129663,0.0097963638,0.0097963638,-0.021321614,-0.021321614,0.021319552,0.021319552,-0.0098080489,-0.0098080489,-0.01152525,-0.01152525,0.011511503,0.011511503,-0.01152525,-0.01152525,0.011511503,0.011511503,-0.019590779,-0.019590779,-0.096368289,-0.096368289,-0.019590779,-0.019590779,-0.096368289,-0.096368289,2.2238513e-09,2.2238513e-09,-0.11595907,-0.11595907,-0.011525248,-0.011525248,0.011525136,0.011525136,-0.019590782,-0.019590782,-5.2352827e-11,-5.2352827e-11,-6.9205479e-06,-6.9205479e-06,-6.8036315e-06,-6.8036315e-06,-1.1696873e-07,-1.1696873e-07,-2.959098e-09,-2.959098e-09,-0.11597983,-0.11597983,-1.0652657,-1.0652657,-7.2468268,-7.2468268,-1.1717904,-1.1717904,-3.583701,-3.583701,-0.13060521,-0.13060521,0.01464614,0.01464614,-0.0023050495,-0.0023050495,-0.020889513,-0.020889513,4.6424394,4.6424394,-4.7114439,-4.7114439,5.1506423e-05,5.1506423e-05,-1.495251e-16,-1.4952511e-16,-3.6838356e-19,-3.6850198e-19,3.9014702e-16,3.9028439e-16,-3.8383622e-18,-3.8383625e-18,9.0219184e-16,9.0219191e-16,1.8294297e-06,8.0112926e-10,3.6880698e-09,3.6880698e-09
-0.014683691,-0.014683691,-0.01152902,-0.01152902,-0.02621271,-0.02621271,0.12750828,0.12750828,0.14219197,0.14219197,0.039509952,0.039511268,-0.039514934,-0.039514934,0.039511269,0.039511269,-0.039514932,-0.039514932,-9.4465287e-08,-9.4465287e-08,1.3750458e-19,1.3750487e-19,2.1726921e-09,2.1726921e-09,-0.11596583,-0.11596583,-4.7015373e-05,-4.7015373e-05,-4.7015373e-05,-4.7015373e-05,-1.0142063e-05,-1.0142063e-05,0.031126446,0.031126446,-0.031139877,-0.031139877,0.009799665,0.009799665,-0.021328796,-0.021328796,0.021326781,0.021326781,-0.0098110813,-0.0098110813,-0.011529131,-0.011529131,0.0115157,0.0115157,-0.011529131,-0.011529131,0.0115157,0.0115157,-0.019597426,-0.019597426,-0.096368403,-0.096368403,-0.019597426,-0.019597426,-0.096368403,-0.096368403,2.1727027e-09,2.1727027e-09,-0.11596583,-0.11596583,-0.011529129,-0.011529129,0.01152902,0.01152902,-0.019597429,-0.019597429,-5.1148715e-11,-5.1148715e-11,-6.7613753e-06,-6.7613753e-06,-6.647148e-06,-6.647148e-06,-1.1427845e-07,-1.1427845e-07,-2.8910395e-09,-2.8910395e-09,-0.11598612,-0.11598612,-1.066933,-1.066933,-7.2472036,-7.2472036,-1.1736244,-1.1736244,-3.5838778,-3.5838778,-0.13064952,-0.13064952,0.014683693,0.014683693,-0.0023058258,-0.0023058258,-0.020890026,-0.020890026,4.6427101,4.6427101,-4.7118982,-4.7118982,5.0321775e-05,5.0321775e-05,-1.4952469e-16,-1.495247e-16,-3.6841032e-19,-3.6852282e-19,3.9015238e-16,3.9028288e-16,-3.8379898e-18,-3.8379901e-18,9.0218929e-16,9.0218936e-16,1.8111354e-06,7.9311797e-10,3.5203696e-09,3.5203696e-09
-0.01472038,-0.01472038,-0.011532814,-0.011532814,-0.026253194,-0.026253194,0.12751837,0.12751837,0.14223875,0.14223875,0.039523011,0.039524315,-0.039527896,-0.039527896,0.039524315,0.039524315,-0.039527894,-0.039527894,-9.2292585e-08,-9.2292585e-08,1.3826812e-19,1.3826838e-19,2.12272e-09,2.12272e-09,-0.11597244,-0.11597244,-4.593402e-05,-4.593402e-05,-4.593402e-05,-4.593402e-05,-9.9087955e-06,-9.9087955e-06,0.031136735,0.031136735,-0.031149857,-0.031149857,0.0098028902,0.0098028902,-0.021335813,-0.021335813,0.021333845,0.021333845,-0.009814044,-0.009814044,-0.011532923,-0.011532923,0.011519801,0.011519801,-0.011532923,-0.011532923,0.011519801,0.011519801,-0.019603921,-0.019603921,-0.096368515,-0.096368515,-0.019603921,-0.019603921,-0.096368515,-0.096368515,2.1227306e-09,2.1227306e-09,-0.11597244,-0.11597244,-0.011532921,-0.011532921,0.011532814,0.011532814,-0.019603923,-0.019603923,-4.9972298e-11,-4.9972298e-11,-6.6058636e-06,-6.6058636e-06,-6.4942636e-06,-6.4942636e-06,-1.1165005e-07,-1.1165005e-07,-2.8245464e-09,-2.8245464e-09,-0.11599225,-0.11599225,-1.0685619,-1.0685619,-7.2475717,-7.2475717,-1.1754163,-1.1754163,-3.5840504,-3.5840504,-0.13069282,-0.13069282,0.014720382,0.014720382,-0.0023065841,-0.0023065841,-0.020890527,-0.020890527,4.6429746,4.6429746,-4.712342,-4.712342,4.9164374e-05,4.9164374e-05,-1.495243e-16,-1.4952431e-16,-3.6843631e-19,-3.6854318e-19,3.9015744e-16,3.9028141e-16,-3.8376259e-18,-3.8376262e-18,9.021868e-16,9.0218686e-16,1.793024e-06,7.8518679e-10,3.3602949e-09,3.3602949e-09
-0.014756225,-0.014756225,-0.011536521,-0.011536521,-0.026292746,-0.026292746,0.12752823,0.12752823,0.14228446,0.14228446,0.03953577,0.039537061,-0.03954056,-0.03954056,0.039537061,0.039537061,-0.039540558,-0.039540558,-9.0169856e-08,-9.0169856e-08,1.3901409e-19,1.3901433e-19,2.0738972e-09,2.0738972e-09,-0.11597889,-0.11597889,-4.4877537e-05,-4.4877537e-05,-4.4877537e-05,-4.4877537e-05,-9.6808932e-06,-9.6808932e-06,0.031146787,0.031146787,-0.031159607,-0.031159607,0.0098060413,0.0098060413,-0.021342669,-0.021342669,0.021340746,0.021340746,-0.0098169385,-0.0098169385,-0.011536627,-0.011536627,0.011523807,0.011523807,-0.011536627,-0.011536627,0.011523807,0.011523807,-0.019610266,-0.019610266,-0.096368624,-0.096368624,-0.019610266,-0.019610266,-0.096368624,-0.096368624,2.0739078e-09,2.0739078e-09,-0.11597889,-0.11597889,-0.011536625,-0.011536625,0.011536521,0.011536521,-0.019610268,-0.019610268,-4.8822938e-11,-4.8822938e-11,-6.4539288e-06,-6.4539288e-06,-6.3448955e-06,-6.3448955e-06,-1.0908209e-07,-1.0908209e-07,-2.7595826e-09,-2.7595826e-09,-0.11599825,-0.11599825,-1.0701534,-1.0701534,-7.2479313,-7.2479313,-1.1771669,-1.1771669,-3.5842191,-3.5842191,-0.13073512,-0.13073512,0.014756227,0.014756227,-0.0023073251,-0.0023073251,-0.020891017,-0.020891017,4.643233,4.643233,-4.7127757,-4.7127757,4.8033594e-05,4.8033594e-05,-1.4952391e-16,-1.4952392e-16,-3.6846154e-19,-3.6856307e-19,3.9016219e-16,3.9027997e-16,-3.8372704e-18,-3.8372707e-18,9.0218437e-16,9.0218442e-16,1.7750938e-06,7.7733492e-10,3.2074989e-09,3.2074989e-09
-0.014791245,-0.014791245,-0.011540143,-0.011540143,-0.026331388,-0.026331388,0.12753786,0.12753786,0.14232911,0.14232911,0.039548236,0.039549514,-0.039552933,-0.039552933,0.039549514,0.039549514,-0.03955293,-0.03955293,-8.8095949e-08,-8.8095949e-08,1.397429e-19,1.3974311e-19,2.0261973e-09,2.0261973e-09,-0.1159852,-0.1159852,-4.3845354e-05,-4.3845354e-05,-4.3845354e-05,-4.3845354e-05,-9.4582326e-06,-9.4582326e-06,0.031156608,0.031156608,-0.031169133,-0.031169133,0.0098091199,0.0098091199,-0.021349367,-0.021349367,0.021347488,0.021347488,-0.0098197665,-0.0098197665,-0.011540247,-0.011540247,0.011527721,0.011527721,-0.011540247,-0.011540247,0.011527721,0.011527721,-0.019616465,-0.019616465,-0.09636873,-0.09636873,-0.019616465,-0.019616465,-0.09636873,-0.09636873,2.026208e-09,2.026208e-09,-0.1159852,-0.1159852,-0.011540245,-0.011540245,0.011540143,0.011540143,-0.019616467,-0.019616467,-4.7700014e-11,-4.7700014e-11,-6.3054884e-06,-6.3054884e-06,-6.1989629e-06,-6.1989629e-06,-1.0657321e-07,-1.0657321e-07,-2.6961129e-09,-2.6961129e-09,-0.11600411,-0.11600411,-1.0717082,-1.0717082,-7.2482827,-7.2482827,-1.1788773,-1.1788773,-3.584384,-3.584384,-0.13077644,-0.13077644,0.014791247,0.014791247,-0.0023080489,-0.0023080489,-0.020891495,-0.020891495,4.6434854,4.6434854,-4.7131995,-4.7131995,4.6928821e-05,4.6928821e-05,-1.4952354e-16,-1.4952355e-16,-3.6848605e-19,-3.685825e-19,3.9016667e-16,3.9027856e-16,-3.8369231e-18,-3.8369234e-18,9.0218199e-16,9.0218204e-16,1.7573428e-06,7.6956157e-10,3.0616507e-09,3.0616507e-09
-0.014825461,-0.014825461,-0.011543682,-0.011543682,-0.026369142,-0.026369142,0.12754727,0.12754727,0.14237273,0.14237273,0.039560416,0.03956168,-0.039565021,-0.039565021,0.039561681,0.039561681,-0.039565018,-0.039565018,-8.6069742e-08,-8.6069742e-08,1.4045495e-19,1.4045514e-19,1.9795946e-09,1.9795946e-09,-0.11599136,-0.11599136,-4.2836911e-05,-4.2836911e-05,-4.2836911e-05,-4.2836911e-05,-9.2406933e-06,-9.2406933e-06,0.031166203,0.031166203,-0.03117844,-0.03117844,0.0098121277,0.0098121277,-0.021355911,-0.021355911,0.021354075,0.021354075,-0.0098225294,-0.0098225294,-0.011543783,-0.011543783,0.011531546,0.011531546,-0.011543783,-0.011543783,0.011531546,0.011531546,-0.019622521,-0.019622521,-0.096368834,-0.096368834,-0.019622521,-0.019622521,-0.096368834,-0.096368834,1.9796052e-09,1.9796052e-09,-0.11599136,-0.11599136,-0.011543781,-0.011543781,0.011543682,0.011543682,-0.019622523,-0.019622523,-4.6602917e-11,-4.6602917e-11,-6.1604622e-06,-6.1604622e-06,-6.0563868e-06,-6.0563868e-06,-1.0412202e-07,-1.0412202e-07,-2.6341031e-09,-2.6341031e-09,-0.11600984,-0.11600984,-1.0732273,-1.0732273,-7.248626,-7.248626,-1.1805483,-1.1805483,-3.584545,-3.584545,-0.13081682,-0.13081682,0.014825463,0.014825463,-0.0023087562,-0.0023087562,-0.020891962,-0.020891962,4.643732,4.643732,-4.7136135,-4.7136135,4.5849458e-05,4.5849458e-05,-1.4952317e-16,-1.4952318e-16,-3.6850986e-19,-3.6860149e-19,3.9017089e-16,3.9027718e-16,-3.8365838e-18,-3.836584e-18,9.0217967e-16,9.0217971e-16,1.7397694e-06,7.6186596e-10,2.9224344e-09,2.9224344e-09
-0.014858889,-0.014858889,-0.011547139,-0.011547139,-0.026406027,-0.026406027,0.12755647,0.12755647,0.14241536,0.14241536,0.039572315,0.039573567,-0.039576831,-0.039576831,0.039573568,0.039573568,-0.039576828,-0.039576828,-8.4090138e-08,-8.4090138e-08,1.4115062e-19,1.4115079e-19,1.9340637e-09,1.9340637e-09,-0.11599738,-0.11599738,-4.1851662e-05,-4.1851662e-05,-4.1851662e-05,-4.1851662e-05,-9.0281573e-06,-9.0281573e-06,0.031175577,0.031175577,-0.031187533,-0.031187533,0.0098150663,0.0098150663,-0.021362304,-0.021362304,0.021360511,0.021360511,-0.0098252287,-0.0098252287,-0.011547238,-0.011547238,0.011535282,0.011535282,-0.011547238,-0.011547238,0.011535282,0.011535282,-0.019628438,-0.019628438,-0.096368936,-0.096368936,-0.019628438,-0.019628438,-0.096368936,-0.096368936,1.9340743e-09,1.9340743e-09,-0.11599738,-0.11599738,-0.011547236,-0.011547236,0.011547139,0.011547139,-0.01962844,-0.01962844,-4.5531053e-11,-4.5531053e-11,-6.0187716e-06,-6.0187716e-06,-5.9170899e-06,-5.9170899e-06,-1.0172722e-07,-1.0172722e-07,-2.5735195e-09,-2.5735195e-09,-0.11601543,-0.11601543,-1.0747114,-1.0747114,-7.2489614,-7.2489614,-1.1821809,-1.1821809,-3.5847023,-3.5847023,-0.13085626,-0.13085626,0.014858891,0.014858891,-0.0023094471,-0.0023094471,-0.020892419,-0.020892419,4.643973,4.643973,-4.7140181,-4.7140181,4.4794921e-05,4.4794921e-05,-1.4952281e-16,-1.4952282e-16,-3.68533e-19,-3.6862004e-19,3.9017486e-16,3.9027584e-16,-3.8362523e-18,-3.8362525e-18,9.021774e-16,9.0217744e-16,1.7223717e-06,7.542473e-10,2.7895484e-09,2.7895484e-09
-0.014891548,-0.014891548,-0.011550516,-0.011550516,-0.026442065,-0.026442065,0.12756545,0.12756545,0.142457,0.142457,0.039583941,0.039585181,-0.039588369,-0.039588369,0.039585181,0.039585181,-0.039588367,-0.039588367,-8.2156065e-08,-8.2156065e-08,1.4183028e-19,1.4183044e-19,1.88958e-09,1.88958e-09,-0.11600326,-0.11600326,-4.0889073e-05,-4.0889073e-05,-4.0889073e-05,-4.0889073e-05,-8.8205097e-06,-8.8205097e-06,0.031184735,0.031184735,-0.031196416,-0.031196416,0.0098179373,0.0098179373,-0.02136855,-0.02136855,0.021366798,0.021366798,-0.009827866,-0.009827866,-0.011550613,-0.011550613,0.011538932,0.011538932,-0.011550613,-0.011550613,0.011538932,0.011538932,-0.019634219,-0.019634219,-0.096369035,-0.096369035,-0.019634219,-0.019634219,-0.096369035,-0.096369035,1.8895906e-09,1.8895906e-09,-0.11600326,-0.11600326,-0.011550611,-0.011550611,0.011550516,0.011550516,-0.019634221,-0.019634221,-4.4483842e-11,-4.4483842e-11,-5.8803398e-06,-5.8803398e-06,-5.7809968e-06,-5.7809968e-06,-9.938749e-08,-9.938749e-08,-2.5143293e-09,-2.5143293e-09,-0.1160209,-0.1160209,-1.0761614,-1.0761614,-7.2492891,-7.2492891,-1.183776,-1.183776,-3.584856,-3.584856,-0.1308948,-0.1308948,0.01489155,0.01489155,-0.0023101222,-0.0023101222,-0.020892865,-0.020892865,4.6442084,4.6442084,-4.7144133,-4.7144133,4.3764637e-05,4.3764637e-05,-1.4952246e-16,-1.4952247e-16,-3.6855547e-19,-3.6863817e-19,3.9017859e-16,3.9027452e-16,-3.8359284e-18,-3.8359286e-18,9.0217518e-16,9.0217522e-16,1.705148e-06,7.4670483e-10,2.6627048e-09,2.6627048e-09
-0.014923456,-0.014923456,-0.011553816,-0.011553816,-0.026477273,-0.026477273,0.12757423,0.12757423,0.14249768,0.14249768,0.0395953,0.039596527,-0.039599642,-0.039599642,0.039596528,0.039596528,-0.03959964,-0.03959964,-8.0266475e-08,-8.0266475e-08,1.4249432e-19,1.4249446e-19,1.8461194e-09,1.8461194e-09,-0.116009,-0.116009,-3.9948625e-05,-3.9948625e-05,-3.9948625e-05,-3.9948625e-05,-8.617638e-06,-8.617638e-06,0.031193683,0.031193683,-0.031205096,-0.031205096,0.0098207422,0.0098207422,-0.021374653,-0.021374653,0.021372941,0.021372941,-0.0098304426,-0.0098304426,-0.011553911,-0.011553911,0.011542498,0.011542498,-0.011553911,-0.011553911,0.011542498,0.011542498,-0.019639867,-0.019639867,-0.096369132,-0.096369133,-0.019639867,-0.019639867,-0.096369132,-0.096369133,1.8461301e-09,1.8461301e-09,-0.116009,-0.116009,-0.011553909,-0.011553909,0.011553816,0.011553816,-0.019639869,-0.019639869,-4.3460716e-11,-4.3460716e-11,-5.745092e-06,-5.745092e-06,-5.6480339e-06,-5.6480339e-06,-9.7101577e-08,-9.7101577e-08,-2.4565005e-09,-2.4565005e-09,-0.11602624,-0.11602624,-1.0775781,-1.0775781,-7.2496093,-7.2496093,-1.1853343,-1.1853343,-3.5850062,-3.5850062,-0.13093246,-0.13093246,0.014923458,0.014923458,-0.0023107818,-0.0023107818,-0.020893301,-0.020893301,4.6444384,4.6444384,-4.7147995,-4.7147995,4.2758051e-05,4.2758051e-05,-1.4952212e-16,-1.4952212e-16,-3.6857731e-19,-3.6865587e-19,3.901821e-16,3.9027323e-16,-3.835612e-18,-3.8356121e-18,9.0217302e-16,9.0217305e-16,1.6880965e-06,7.3923778e-10,2.541629e-09,2.541629e-09
-0.014954631,-0.014954631,-0.01155704,-0.01155704,-0.026511671,-0.026511671,0.1275828,0.1275828,0.14253743,0.14253743,0.039606397,0.039607612,-0.039610655,-0.039610655,0.039607613,0.039607613,-0.039610654,-0.039610654,-7.8420346e-08,-7.8420346e-08,1.4314307e-19,1.431432e-19,1.8036584e-09,1.8036584e-09,-0.11601461,-0.11601461,-3.9029806e-05,-3.9029806e-05,-3.9029806e-05,-3.9029806e-05,-8.4194323e-06,-8.4194323e-06,0.031202426,0.031202426,-0.031213575,-0.031213575,0.0098234827,0.0098234827,-0.021380615,-0.021380615,0.021378943,0.021378943,-0.00983296,-0.00983296,-0.011557133,-0.011557133,0.011545983,0.011545983,-0.011557133,-0.011557133,0.011545983,0.011545983,-0.019645385,-0.019645385,-0.096369227,-0.096369227,-0.019645385,-0.019645385,-0.096369227,-0.096369227,1.8036691e-09,1.8036691e-09,-0.11601461,-0.11601461,-0.011557131,-0.011557131,0.01155704,0.01155704,-0.019645387,-0.019645387,-4.2461123e-11,-4.2461123e-11,-5.6129549e-06,-5.6129549e-06,-5.5181291e-06,-5.5181291e-06,-9.4868241e-08,-9.4868241e-08,-2.4000017e-09,-2.4000017e-09,-0.11603145,-0.11603145,-1.0789622,-1.0789622,-7.2499221,-7.2499221,-1.1868569,-1.1868569,-3.5851529,-3.5851529,-0.13096925,-0.13096925,0.014954633,0.014954633,-0.0023114262,-0.0023114262,-0.020893726,-0.020893726,4.6446631,4.6446631,-4.7151769,-4.7151769,4.1774616e-05,4.1774616e-05,-1.4952178e-16,-1.4952179e-16,-3.6859854e-19,-3.6867317e-19,3.901854e-16,3.9027197e-16,-3.8353028e-18,-3.8353029e-18,9.021709e-16,9.0217093e-16,1.6712155e-06,7.318454e-10,2.4260586e-09,2.4260586e-09
-0.014985088,-0.014985088,-0.01156019,-0.01156019,-0.026545278,-0.026545278,0.12759118,0.12759118,0.14257627,0.14257627,0.03961724,0.039618443,-0.039621416,-0.039621416,0.039618443,0.039618443,-0.039621414,-0.039621414,-7.6616679e-08,-7.6616679e-08,1.4377691e-19,1.4377702e-19,1.7621741e-09,1.7621741e-09,-0.1160201,-0.1160201,-3.8132121e-05,-3.8132121e-05,-3.8132121e-05,-3.8132121e-05,-8.2257854e-06,-8.2257854e-06,0.031210967,0.031210967,-0.03122186,-0.03122186,0.0098261601,0.0098261601,-0.02138644,-0.02138644,0.021384806,0.021384806,-0.0098354194,-0.0098354194,-0.01156028,-0.01156028,0.011549387,0.011549387,-0.01156028,-0.01156028,0.011549387,0.011549387,-0.019650776,-0.019650776,-0.09636932,-0.09636932,-0.019650776,-0.019650776,-0.09636932,-0.09636932,1.7621848e-09,1.7621848e-09,-0.1160201,-0.1160201,-0.011560279,-0.011560279,0.01156019,0.01156019,-0.019650778,-0.019650778,-4.148452e-11,-4.148452e-11,-5.4838569e-06,-5.4838569e-06,-5.3912121e-06,-5.3912121e-06,-9.2686272e-08,-9.2686272e-08,-2.3448024e-09,-2.3448024e-09,-0.11603655,-0.11603655,-1.0803144,-1.0803144,-7.2502277,-7.2502277,-1.1883444,-1.1883444,-3.5852962,-3.5852962,-0.13100519,-0.13100519,0.01498509,0.01498509,-0.0023120557,-0.0023120557,-0.020894142,-0.020894142,4.6448827,4.6448827,-4.7155456,-4.7155456,4.0813799e-05,4.0813799e-05,-1.4952145e-16,-1.4952146e-16,-3.6861918e-19,-3.6869008e-19,3.901885e-16,3.9027074e-16,-3.8350007e-18,-3.8350009e-18,9.0216883e-16,9.0216885e-16,1.6545034e-06,7.2452695e-10,2.3157432e-09,2.3157432e-09
-0.015014845,-0.015014845,-0.011563268,-0.011563268,-0.026578112,-0.026578112,0.12759936,0.12759936,0.14261421,0.14261421,0.039627833,0.039629024,-0.039631929,-0.039631929,0.039629024,0.039629024,-0.039631927,-0.039631927,-7.4854495e-08,-7.4854495e-08,1.4439617e-19,1.4439627e-19,1.7216439e-09,1.7216439e-09,-0.11602546,-0.11602546,-3.7255082e-05,-3.7255082e-05,-3.7255082e-05,-3.7255082e-05,-8.0365923e-06,-8.0365923e-06,0.031219311,0.031219311,-0.031229954,-0.031229954,0.009828776,0.009828776,-0.021392132,-0.021392132,0.021390535,0.021390535,-0.0098378223,-0.0098378223,-0.011563356,-0.011563356,0.011552713,0.011552713,-0.011563356,-0.011563356,0.011552713,0.011552713,-0.019656044,-0.019656044,-0.096369411,-0.096369411,-0.019656044,-0.019656044,-0.096369411,-0.096369411,1.7216545e-09,1.7216545e-09,-0.11602546,-0.11602546,-0.011563354,-0.011563354,0.011563268,0.011563268,-0.019656045,-0.019656045,-4.053038e-11,-4.053038e-11,-5.3577282e-06,-5.3577282e-06,-5.2672142e-06,-5.2672142e-06,-9.0554487e-08,-9.0554487e-08,-2.2908727e-09,-2.2908727e-09,-0.11604153,-0.11604153,-1.0816356,-1.0816356,-7.2505262,-7.2505262,-1.1897977,-1.1897977,-3.5854363,-3.5854363,-0.1310403,-0.1310403,0.015014847,0.015014847,-0.0023126708,-0.0023126708,-0.020894549,-0.020894549,4.6450972,4.6450972,-4.7159058,-4.7159058,3.9875082e-05,3.9875082e-05,-1.4952113e-16,-1.4952114e-16,-3.6863923e-19,-3.6870659e-19,3.901914e-16,3.9026954e-16,-3.8347056e-18,-3.8347057e-18,9.0216681e-16,9.0216683e-16,1.6379583e-06,7.1728168e-10,2.2104441e-09,2.2104441e-09
-0.015043917,-0.015043917,-0.011566274,-0.011566274,-0.026610192,-0.026610192,0.12760736,0.12760736,0.14265128,0.14265128,0.039638183,0.039639362,-0.0396422,-0.0396422,0.039639362,0.039639362,-0.039642198,-0.039642198,-7.3132842e-08,-7.3132842e-08,1.4500118e-19,1.4500127e-19,1.6820458e-09,1.6820458e-09,-0.11603069,-0.11603069,-3.6398215e-05,-3.6398215e-05,-3.6398215e-05,-3.6398215e-05,-7.8517507e-06,-7.8517507e-06,0.031227464,0.031227464,-0.031237862,-0.031237862,0.0098313317,0.0098313317,-0.021397692,-0.021397692,0.021396132,0.021396132,-0.00984017,-0.00984017,-0.01156636,-0.01156636,0.011555962,0.011555962,-0.01156636,-0.01156636,0.011555962,0.011555962,-0.01966119,-0.01966119,-0.096369499,-0.096369499,-0.01966119,-0.01966119,-0.096369499,-0.096369499,1.6820565e-09,1.6820565e-09,-0.11603069,-0.11603069,-0.011566359,-0.011566359,0.011566274,0.011566274,-0.019661191,-0.019661191,-3.9598184e-11,-3.9598184e-11,-5.2345005e-06,-5.2345005e-06,-5.1460683e-06,-5.1460683e-06,-8.8471734e-08,-8.8471734e-08,-2.2381834e-09,-2.2381834e-09,-0.11604639,-0.11604639,-1.0829263,-1.0829263,-7.2508179,-7.2508179,-1.1912175,-1.1912175,-3.5855731,-3.5855731,-0.13107461,-0.13107461,0.015043919,0.015043919,-0.0023132717,-0.0023132717,-0.020894946,-0.020894946,4.6453068,4.6453068,-4.7162577,-4.7162577,3.8957955e-05,3.8957955e-05,-1.4952082e-16,-1.4952082e-16,-3.6865874e-19,-3.6872272e-19,3.9019413e-16,3.9026836e-16,-3.8344173e-18,-3.8344174e-18,9.0216483e-16,9.0216485e-16,1.6215788e-06,7.1010887e-10,2.109933e-09,2.109933e-09
-0.015072321,-0.015072321,-0.011569212,-0.011569212,-0.026641533,-0.026641533,0.12761517,0.12761517,0.14268749,0.14268749,0.039648295,0.039649462,-0.039652235,-0.039652235,0.039649463,0.039649463,-0.039652233,-0.039652233,-7.1450786e-08,-7.1450786e-08,1.4559228e-19,1.4559236e-19,1.6433585e-09,1.6433585e-09,-0.1160358,-0.1160358,-3.5561056e-05,-3.5561056e-05,-3.5561056e-05,-3.5561056e-05,-7.6711604e-06,-7.6711604e-06,0.031235429,0.031235429,-0.031245588,-0.031245588,0.0098338286,0.0098338286,-0.021403124,-0.021403124,0.021401601,0.021401601,-0.0098424636,-0.0098424636,-0.011569296,-0.011569296,0.011559137,0.011559137,-0.011569296,-0.011569296,0.011559137,0.011559137,-0.019666217,-0.019666217,-0.096369586,-0.096369586,-0.019666217,-0.019666217,-0.096369586,-0.096369586,1.6433692e-09,1.6433692e-09,-0.1160358,-0.1160358,-0.011569294,-0.011569294,0.011569212,0.011569212,-0.019666219,-0.019666219,-3.8687429e-11,-3.8687429e-11,-5.1141069e-06,-5.1141069e-06,-5.0277087e-06,-5.0277087e-06,-8.6436884e-08,-8.6436884e-08,-2.1867059e-09,-2.1867059e-09,-0.11605115,-0.11605115,-1.0841874,-1.0841874,-7.2511029,-7.2511029,-1.1926047,-1.1926047,-3.5857068,-3.5857068,-0.13110813,-0.13110813,0.015072323,0.015072323,-0.0023138588,-0.0023138588,-0.020895334,-0.020895334,4.6455115,4.6455115,-4.7166016,-4.7166016,3.8061922e-05,3.8061922e-05,-1.4952052e-16,-1.4952052e-16,-3.686777e-19,-3.6873849e-19,3.901967e-16,3.9026721e-16,-3.8341356e-18,-3.8341357e-18,9.021629e-16,9.0216292e-16,1.605363e-06,7.0300778e-10,2.0139922e-09,2.0139922e-09
-0.015100071,-0.015100071,-0.011572082,-0.011572082,-0.026672153,-0.026672153,0.12762281,0.12762281,0.14272288,0.14272288,0.039658174,0.03965933,-0.039662039,-0.039662039,0.03965933,0.03965933,-0.039662037,-0.039662037,-6.9807418e-08,-6.9807418e-08,1.4616978e-19,1.4616986e-19,1.6055611e-09,1.6055611e-09,-0.1160408,-0.1160408,-3.4743152e-05,-3.4743152e-05,-3.4743152e-05,-3.4743152e-05,-7.4947237e-06,-7.4947237e-06,0.031243211,0.031243211,-0.031253136,-0.031253136,0.0098362681,0.0098362681,-0.021408432,-0.021408432,0.021406943,0.021406943,-0.0098447045,-0.0098447045,-0.011572164,-0.011572164,0.011562239,0.011562239,-0.011572164,-0.011572164,0.011562239,0.011562239,-0.01967113,-0.01967113,-0.09636967,-0.09636967,-0.01967113,-0.01967113,-0.09636967,-0.09636967,1.6055718e-09,1.6055718e-09,-0.1160408,-0.1160408,-0.011572162,-0.011572162,0.011572082,0.011572082,-0.019671131,-0.019671131,-3.7797621e-11,-3.7797621e-11,-4.9964825e-06,-4.9964825e-06,-4.9120714e-06,-4.9120714e-06,-8.4448836e-08,-8.4448836e-08,-2.1364125e-09,-2.1364125e-09,-0.11605579,-0.11605579,-1.0854195,-1.0854195,-7.2513814,-7.2513814,-1.19396,-1.19396,-3.5858374,-3.5858374,-0.13114087,-0.13114087,0.015100073,0.015100073,-0.0023144324,-0.0023144324,-0.020895712,-0.020895712,4.6457115,4.6457115,-4.7169376,-4.7169376,3.7186498e-05,3.7186498e-05,-1.4952022e-16,-1.4952022e-16,-3.6869614e-19,-3.6875389e-19,3.901991e-16,3.9026609e-16,-3.8338604e-18,-3.8338605e-18,9.0216102e-16,9.0216103e-16,1.5893093e-06,6.959777e-10,1.922414e-09,1.922414e-09
-0.015127184,-0.015127184,-0.011574886,-0.011574886,-0.026702069,-0.026702069,0.12763026,0.12763026,0.14275745,0.14275745,0.039667827,0.039668971,-0.039671617,-0.039671617,0.039668971,0.039668971,-0.039671616,-0.039671616,-6.8201847e-08,-6.8201847e-08,1.46734e-19,1.4673407e-19,1.5686329e-09,1.5686329e-09,-0.11604568,-0.11604568,-3.3944059e-05,-3.3944059e-05,-3.3944059e-05,-3.3944059e-05,-7.3223451e-06,-7.3223451e-06,0.031250814,0.031250814,-0.031260511,-0.031260511,0.0098386514,0.0098386514,-0.021413617,-0.021413617,0.021412163,0.021412163,-0.0098468938,-0.0098468938,-0.011574966,-0.011574966,0.011565269,0.011565269,-0.011574966,-0.011574966,0.011565269,0.011565269,-0.019675929,-0.019675929,-0.096369752,-0.096369752,-0.019675929,-0.019675929,-0.096369752,-0.096369752,1.5686436e-09,1.5686436e-09,-0.11604568,-0.11604568,-0.011574964,-0.011574964,0.011574886,0.011574886,-0.01967593,-0.01967593,-3.6928279e-11,-3.6928279e-11,-4.8815634e-06,-4.8815634e-06,-4.7990938e-06,-4.7990938e-06,-8.2506513e-08,-8.2506513e-08,-2.0872757e-09,-2.0872757e-09,-0.11606033,-0.11606033,-1.0866232,-1.0866232,-7.2516534,-7.2516534,-1.1952842,-1.1952842,-3.585965,-3.585965,-0.13117287,-0.13117287,0.015127185,0.015127185,-0.0023149929,-0.0023149929,-0.020896083,-0.020896083,4.645907,4.645907,-4.7172659,-4.7172659,3.6331208e-05,3.6331208e-05,-1.4951992e-16,-1.4951993e-16,-3.6871407e-19,-3.6876893e-19,3.9020135e-16,3.9026499e-16,-3.8335915e-18,-3.8335916e-18,9.0215917e-16,9.0215919e-16,1.5734163e-06,6.8901792e-10,1.8349999e-09,1.8349999e-09
-0.015153672,-0.015153672,-0.011577625,-0.011577625,-0.026731297,-0.026731297,0.12763755,0.12763755,0.14279122,0.14279122,0.039677257,0.03967839,-0.039680975,-0.039680975,0.03967839,0.03967839,-0.039680974,-0.039680974,-6.6633205e-08,-6.6633205e-08,1.4728524e-19,1.472853e-19,1.5325542e-09,1.5325542e-09,-0.11605045,-0.11605045,-3.3163346e-05,-3.3163346e-05,-3.3163346e-05,-3.3163346e-05,-7.1539312e-06,-7.1539312e-06,0.031258242,0.031258242,-0.031267716,-0.031267716,0.00984098,0.00984098,-0.021418683,-0.021418683,0.021417262,0.021417262,-0.0098490328,-0.0098490328,-0.011577703,-0.011577703,0.01156823,0.01156823,-0.011577703,-0.011577703,0.01156823,0.01156823,-0.019680617,-0.019680617,-0.096369833,-0.096369833,-0.019680617,-0.019680617,-0.096369833,-0.096369833,1.5325649e-09,1.5325649e-09,-0.11605045,-0.11605045,-0.011577702,-0.011577702,0.011577625,0.011577625,-0.019680619,-0.019680619,-3.6078932e-11,-3.6078932e-11,-4.7692874e-06,-4.7692874e-06,-4.6887146e-06,-4.6887146e-06,-8.0608863e-08,-8.0608863e-08,-2.0392691e-09,-2.0392691e-09,-0.11606476,-0.11606476,-1.0877992,-1.0877992,-7.2519192,-7.2519192,-1.1965778,-1.1965778,-3.5860896,-3.5860896,-0.13120412,-0.13120412,0.015153674,0.015153674,-0.0023155404,-0.0023155404,-0.020896444,-0.020896444,4.6460979,4.6460979,-4.7175867,-4.7175867,3.5495591e-05,3.5495591e-05,-1.4951964e-16,-1.4951964e-16,-3.6873151e-19,-3.6878363e-19,3.9020345e-16,3.9026391e-16,-3.8333288e-18,-3.8333289e-18,9.0215737e-16,9.0215739e-16,1.5576821e-06,6.8212775e-10,1.7515606e-09,1.7515606e-09
-0.015179552,-0.015179552,-0.011580301,-0.011580301,-0.026759853,-0.026759853,0.12764467,0.12764467,0.14282422,0.14282422,0.039686471,0.039687592,-0.039690118,-0.039690118,0.039687593,0.039687593,-0.039690117,-0.039690117,-6.5100641e-08,-6.5100641e-08,1.478238e-19,1.4782386e-19,1.4973052e-09,1.4973052e-09,-0.11605511,-0.11605511,-3.2400589e-05,-3.2400589e-05,-3.2400589e-05,-3.2400589e-05,-6.9893907e-06,-6.9893907e-06,0.0312655,0.0312655,-0.031274756,-0.031274756,0.009843255,0.009843255,-0.021423633,-0.021423633,0.021422245,0.021422245,-0.0098511226,-0.0098511226,-0.011580378,-0.011580378,0.011571122,0.011571122,-0.011580378,-0.011580378,0.011571122,0.011571122,-0.019685198,-0.019685198,-0.096369912,-0.096369912,-0.019685198,-0.019685198,-0.096369912,-0.096369912,1.4973159e-09,1.4973159e-09,-0.11605511,-0.11605511,-0.011580377,-0.011580377,0.011580301,0.011580301,-0.0196852,-0.0196852,-3.524912e-11,-3.524912e-11,-4.6595938e-06,-4.6595938e-06,-4.5808742e-06,-4.5808742e-06,-7.8754859e-08,-7.8754859e-08,-1.9923667e-09,-1.9923667e-09,-0.11606909,-0.11606909,-1.0889482,-1.0889482,-7.2521788,-7.2521788,-1.1978417,-1.1978417,-3.5862114,-3.5862114,-0.13123466,-0.13123466,0.015179553,0.015179553,-0.0023160753,-0.0023160753,-0.020896798,-0.020896798,4.6462845,4.6462845,-4.7179001,-4.7179001,3.4679192e-05,3.4679192e-05,-1.4951936e-16,-1.4951936e-16,-3.6874848e-19,-3.6879799e-19,3.9020542e-16,3.9026286e-16,-3.8330721e-18,-3.8330722e-18,9.0215561e-16,9.0215563e-16,1.5421053e-06,6.7530647e-10,1.6719154e-09,1.6719154e-09
-0.015204836,-0.015204836,-0.011582916,-0.011582916,-0.026787752,-0.026787752,0.12765162,0.12765162,0.14285646,0.14285646,0.039695473,0.039696583,-0.039699051,-0.039699051,0.039696584,0.039696584,-0.03969905,-0.03969905,-6.3603327e-08,-6.3603327e-08,1.4834998e-19,1.4835002e-19,1.462867e-09,1.462867e-09,-0.11605966,-0.11605966,-3.1655376e-05,-3.1655376e-05,-3.1655376e-05,-3.1655376e-05,-6.8286347e-06,-6.8286347e-06,0.03127259,0.03127259,-0.031281633,-0.031281633,0.0098454777,0.0098454777,-0.021428469,-0.021428469,0.021427112,0.021427112,-0.0098531643,-0.0098531643,-0.011582991,-0.011582991,0.011573948,0.011573948,-0.011582991,-0.011582991,0.011573948,0.011573948,-0.019689674,-0.019689674,-0.096369989,-0.096369989,-0.019689674,-0.019689674,-0.096369989,-0.096369989,1.4628777e-09,1.4628777e-09,-0.11605966,-0.11605966,-0.01158299,-0.01158299,0.011582916,0.011582916,-0.019689675,-0.019689675,-3.4438393e-11,-3.4438393e-11,-4.5524232e-06,-4.5524232e-06,-4.4755141e-06,-4.4755141e-06,-7.6943497e-08,-7.6943497e-08,-1.946543e-09,-1.946543e-09,-0.11607332,-0.11607332,-1.0900708,-1.0900708,-7.2524325,-7.2524325,-1.1990766,-1.1990766,-3.5863304,-3.5863304,-0.1312645,-0.1312645,0.015204837,0.015204837,-0.0023165979,-0.0023165979,-0.020897143,-0.020897143,4.6464667,4.6464667,-4.7182063,-4.7182063,3.3881571e-05,3.3881571e-05,-1.4951909e-16,-1.4951909e-16,-3.6876499e-19,-3.6881202e-19,3.9020727e-16,3.9026183e-16,-3.8328214e-18,-3.8328214e-18,9.021539e-16,9.0215391e-16,1.5266842e-06,6.6855341e-10,1.5958917e-09,1.5958917e-09
-0.015229538,-0.015229538,-0.011585471,-0.011585471,-0.026815009,-0.026815009,0.12765842,0.12765842,0.14288795,0.14288795,0.039704269,0.039705367,-0.039707778,-0.039707778,0.039705368,0.039705368,-0.039707777,-0.039707777,-6.214045e-08,-6.214045e-08,1.4886405e-19,1.4886409e-19,1.4292208e-09,1.4292208e-09,-0.11606411,-0.11606411,-3.0927302e-05,-3.0927302e-05,-3.0927302e-05,-3.0927302e-05,-6.6715761e-06,-6.6715761e-06,0.031279517,0.031279517,-0.031288352,-0.031288352,0.0098476492,0.0098476492,-0.021433193,-0.021433193,0.021431868,0.021431868,-0.009855159,-0.009855159,-0.011585544,-0.011585544,0.011576709,0.011576709,-0.011585544,-0.011585544,0.011576709,0.011576709,-0.019694046,-0.019694046,-0.096370064,-0.096370064,-0.019694046,-0.019694046,-0.096370064,-0.096370064,1.4292315e-09,1.4292315e-09,-0.11606411,-0.11606411,-0.011585543,-0.011585543,0.011585471,0.011585471,-0.019694048,-0.019694048,-3.3646313e-11,-3.3646313e-11,-4.4477174e-06,-4.4477174e-06,-4.3725773e-06,-4.3725773e-06,-7.5173797e-08,-7.5173797e-08,-1.9017733e-09,-1.9017733e-09,-0.11607745,-0.11607745,-1.0911675,-1.0911675,-7.2526804,-7.2526804,-1.200283,-1.200283,-3.5864467,-3.5864467,-0.13129365,-0.13129365,0.01522954,0.01522954,-0.0023171086,-0.0023171086,-0.020897481,-0.020897481,4.6466448,4.6466448,-4.7185054,-4.7185054,3.3102295e-05,3.3102295e-05,-1.4951882e-16,-1.4951882e-16,-3.6878105e-19,-3.6882573e-19,3.9020899e-16,3.9026083e-16,-3.8325764e-18,-3.8325764e-18,9.0215222e-16,9.0215223e-16,1.5114174e-06,6.6186787e-10,1.5233249e-09,1.5233249e-09
-0.015253673,-0.015253673,-0.011587967,-0.011587967,-0.02684164,-0.02684164,0.12766505,0.12766505,0.14291873,0.14291873,0.039712862,0.039713949,-0.039716305,-0.039716305,0.03971395,0.03971395,-0.039716304,-0.039716304,-6.071122e-08,-6.071122e-08,1.493663e-19,1.4936634e-19,1.3963485e-09,1.3963485e-09,-0.11606846,-0.11606846,-3.0215974e-05,-3.0215974e-05,-3.0215974e-05,-3.0215974e-05,-6.5181299e-06,-6.5181299e-06,0.031286285,0.031286285,-0.031294917,-0.031294917,0.0098497708,0.0098497708,-0.021437809,-0.021437809,0.021436515,0.021436515,-0.0098571079,-0.0098571079,-0.011588039,-0.011588039,0.011579407,0.011579407,-0.011588039,-0.011588039,0.011579407,0.011579407,-0.019698318,-0.019698318,-0.096370137,-0.096370137,-0.019698318,-0.019698318,-0.096370137,-0.096370137,1.3963592e-09,1.3963592e-09,-0.11606846,-0.11606846,-0.011588037,-0.011588037,0.011587967,0.011587967,-0.01969832,-0.01969832,-3.2872451e-11,-3.2872451e-11,-4.3454199e-06,-4.3454199e-06,-4.272008e-06,-4.272008e-06,-7.3444799e-08,-7.3444799e-08,-1.8580333e-09,-1.8580333e-09,-0.11608149,-0.11608149,-1.092239,-1.092239,-7.2529225,-7.2529225,-1.2014617,-1.2014617,-3.5865603,-3.5865603,-0.13132213,-0.13132213,0.015253674,0.015253674,-0.0023176074,-0.0023176074,-0.02089781,-0.02089781,4.6468187,4.6468187,-4.7187977,-4.7187977,3.2340942e-05,3.2340942e-05,-1.4951856e-16,-1.4951857e-16,-3.6879667e-19,-3.6883912e-19,3.902106e-16,3.9025985e-16,-3.832337e-18,-3.8323371e-18,9.0215058e-16,9.0215058e-16,1.4963032e-06,6.5524919e-10,1.4540578e-09,1.4540578e-09
-0.015277252,-0.015277252,-0.011590406,-0.011590406,-0.026867658,-0.026867658,0.12767154,0.12767154,0.14294879,0.14294879,0.039721257,0.039722334,-0.039724635,-0.039724635,0.039722334,0.039722334,-0.039724634,-0.039724634,-5.9314862e-08,-5.9314862e-08,1.4985699e-19,1.4985703e-19,1.3642323e-09,1.3642323e-09,-0.1160727,-0.1160727,-2.9521007e-05,-2.9521007e-05,-2.9521007e-05,-2.9521007e-05,-6.3682129e-06,-6.3682129e-06,0.031292898,0.031292898,-0.031301331,-0.031301331,0.0098518436,0.0098518436,-0.021442319,-0.021442319,0.021441054,0.021441054,-0.009859012,-0.009859012,-0.011590475,-0.011590475,0.011582042,0.011582042,-0.011590475,-0.011590475,0.011582042,0.011582042,-0.019702492,-0.019702492,-0.096370209,-0.096370209,-0.019702492,-0.019702492,-0.096370209,-0.096370209,1.364243e-09,1.364243e-09,-0.1160727,-0.1160727,-0.011590474,-0.011590474,0.011590406,0.011590406,-0.019702493,-0.019702493,-3.2116388e-11,-3.2116388e-11,-4.2454753e-06,-4.2454753e-06,-4.1737518e-06,-4.1737518e-06,-7.1755569e-08,-7.1755569e-08,-1.8152992e-09,-1.8152992e-09,-0.11608544,-0.11608544,-1.0932859,-1.0932859,-7.2531591,-7.2531591,-1.2026133,-1.2026133,-3.5866712,-3.5866712,-0.13134995,-0.13134995,0.015277254,0.015277254,-0.0023180948,-0.0023180948,-0.020898132,-0.020898132,4.6469887,4.6469887,-4.7190833,-4.7190833,3.15971e-05,3.15971e-05,-1.4951831e-16,-1.4951831e-16,-3.6881188e-19,-3.6885221e-19,3.902121e-16,3.9025889e-16,-3.8321032e-18,-3.8321032e-18,9.0214897e-16,9.0214898e-16,1.4813402e-06,6.486967e-10,1.3879404e-09,1.3879404e-09
-0.015300289,-0.015300289,-0.011592788,-0.011592788,-0.026893077,-0.026893077,0.12767788,0.12767788,0.14297817,0.14297817,0.03972946,0.039730526,-0.039732774,-0.039732774,0.039730526,0.039730526,-0.039732773,-0.039732773,-5.795062e-08,-5.795062e-08,1.503364e-19,1.5033643e-19,1.3328547e-09,1.3328547e-09,-0.11607685,-0.11607685,-2.8842023e-05,-2.8842023e-05,-2.8842023e-05,-2.8842023e-05,-6.221744e-06,-6.221744e-06,0.031299358,0.031299358,-0.031307597,-0.031307597,0.0098538688,0.0098538688,-0.021446725,-0.021446725,0.021445489,0.021445489,-0.0098608722,-0.0098608722,-0.011592856,-0.011592856,0.011584617,0.011584617,-0.011592856,-0.011592856,0.011584617,0.011584617,-0.01970657,-0.01970657,-0.096370279,-0.096370279,-0.01970657,-0.01970657,-0.096370279,-0.096370279,1.3328654e-09,1.3328654e-09,-0.11607685,-0.11607685,-0.011592855,-0.011592855,0.011592788,0.011592788,-0.019706571,-0.019706571,-3.1377714e-11,-3.1377714e-11,-4.1478293e-06,-4.1478293e-06,-4.0777555e-06,-4.0777555e-06,-7.0105191e-08,-7.0105191e-08,-1.7735481e-09,-1.7735481e-09,-0.11608929,-0.11608929,-1.0943087,-1.0943087,-7.2533903,-7.2533903,-1.2037384,-1.2037384,-3.5867796,-3.5867796,-0.13137714,-0.13137714,0.015300291,0.015300291,-0.002318571,-0.002318571,-0.020898447,-0.020898447,4.6471548,4.6471548,-4.7193624,-4.7193624,3.0870367e-05,3.0870367e-05,-1.4951806e-16,-1.4951806e-16,-3.6882668e-19,-3.6886499e-19,3.9021351e-16,3.9025795e-16,-3.8318747e-18,-3.8318747e-18,9.0214741e-16,9.0214741e-16,1.4665268e-06,6.4220974e-10,1.3248293e-09,1.3248293e-09
-0.015322796,-0.015322796,-0.011595116,-0.011595116,-0.026917912,-0.026917912,0.12768407,0.12768407,0.14300686,0.14300686,0.039737474,0.039738529,-0.039740726,-0.039740726,0.039738529,0.039738529,-0.039740725,-0.039740725,-5.6617756e-08,-5.6617756e-08,1.5080478e-19,1.5080481e-19,1.3021988e-09,1.3021988e-09,-0.1160809,-0.1160809,-2.8178657e-05,-2.8178657e-05,-2.8178657e-05,-2.8178657e-05,-6.0786439e-06,-6.0786439e-06,0.03130567,0.03130567,-0.031313719,-0.031313719,0.0098558473,0.0098558473,-0.02145103,-0.02145103,0.021449822,0.021449822,-0.0098626897,-0.0098626897,-0.011595182,-0.011595182,0.011587133,0.011587133,-0.011595182,-0.011595182,0.011587133,0.011587133,-0.019710554,-0.019710554,-0.096370348,-0.096370348,-0.019710554,-0.019710554,-0.096370348,-0.096370348,1.3022095e-09,1.3022095e-09,-0.1160809,-0.1160809,-0.011595181,-0.011595181,0.011595116,0.011595116,-0.019710555,-0.019710555,-3.065603e-11,-3.065603e-11,-4.0524293e-06,-4.0524293e-06,-3.9839671e-06,-3.9839671e-06,-6.8492771e-08,-6.8492771e-08,-1.7327573e-09,-1.7327573e-09,-0.11609306,-0.11609306,-1.095308,-1.095308,-7.2536161,-7.2536161,-1.2048377,-1.2048377,-3.5868856,-3.5868856,-0.1314037,-0.1314037,0.015322798,0.015322798,-0.0023190362,-0.0023190362,-0.020898754,-0.020898754,4.647317,4.647317,-4.719635,-4.719635,3.0160348e-05,3.0160348e-05,-1.4951782e-16,-1.4951782e-16,-3.6884109e-19,-3.6887748e-19,3.9021481e-16,3.9025703e-16,-3.8316515e-18,-3.8316515e-18,9.0214588e-16,9.0214588e-16,1.4518615e-06,6.3578764e-10,1.264588e-09,1.264588e-09
-0.015344786,-0.015344786,-0.01159739,-0.01159739,-0.026942176,-0.026942176,0.12769012,0.12769012,0.1430349,0.1430349,0.039745303,0.039746348,-0.039748495,-0.039748495,0.039746349,0.039746349,-0.039748494,-0.039748494,-5.5315547e-08,-5.5315547e-08,1.5126239e-19,1.5126242e-19,1.272248e-09,1.272248e-09,-0.11608486,-0.11608486,-2.7530548e-05,-2.7530548e-05,-2.7530548e-05,-2.7530548e-05,-5.9388351e-06,-5.9388351e-06,0.031311836,0.031311836,-0.031319701,-0.031319701,0.0098577804,0.0098577804,-0.021455235,-0.021455235,0.021454056,0.021454056,-0.0098644654,-0.0098644654,-0.011597455,-0.011597455,0.01158959,0.01158959,-0.011597455,-0.011597455,0.01158959,0.01158959,-0.019714446,-0.019714446,-0.096370415,-0.096370415,-0.019714446,-0.019714446,-0.096370415,-0.096370415,1.2722587e-09,1.2722587e-09,-0.11608486,-0.11608486,-0.011597454,-0.011597454,0.01159739,0.01159739,-0.019714447,-0.019714447,-2.9950945e-11,-2.9950945e-11,-3.9592234e-06,-3.9592234e-06,-3.8923359e-06,-3.8923359e-06,-6.6917438e-08,-6.6917438e-08,-1.6929046e-09,-1.6929046e-09,-0.11609674,-0.11609674,-1.0962843,-1.0962843,-7.2538367,-7.2538367,-1.2059116,-1.2059116,-3.5869891,-3.5869891,-0.13142965,-0.13142965,0.015344787,0.015344787,-0.0023194908,-0.0023194908,-0.020899054,-0.020899054,4.6474755,4.6474755,-4.7199014,-4.7199014,2.946666e-05,2.946666e-05,-1.4951758e-16,-1.4951758e-16,-3.6885511e-19,-3.6888969e-19,3.9021602e-16,3.9025613e-16,-3.8314334e-18,-3.8314334e-18,9.0214438e-16,9.0214439e-16,1.4373429e-06,6.2942976e-10,1.2070859e-09,1.2070859e-09
-0.01536627,-0.01536627,-0.011599612,-0.011599612,-0.026965881,-0.026965881,0.12769602,0.12769602,0.14306229,0.14306229,0.039752953,0.039753988,-0.039756085,-0.039756085,0.039753988,0.039753988,-0.039756084,-0.039756084,-5.404329e-08,-5.404329e-08,1.5170948e-19,1.517095e-19,1.2429861e-09,1.2429861e-09,-0.11608873,-0.11608873,-2.6897345e-05,-2.6897345e-05,-2.6897345e-05,-2.6897345e-05,-5.8022419e-06,-5.8022419e-06,0.031317861,0.031317861,-0.031325545,-0.031325545,0.0098596689,0.0098596689,-0.021459344,-0.021459344,0.021458192,0.021458192,-0.0098662002,-0.0098662002,-0.011599675,-0.011599675,0.011591992,0.011591992,-0.011599675,-0.011599675,0.011591992,0.011591992,-0.019718249,-0.019718249,-0.09637048,-0.09637048,-0.019718249,-0.019718249,-0.09637048,-0.09637048,1.2429968e-09,1.2429968e-09,-0.11608873,-0.11608873,-0.011599674,-0.011599674,0.011599612,0.011599612,-0.01971825,-0.01971825,-2.9262076e-11,-2.9262076e-11,-3.8681613e-06,-3.8681613e-06,-3.8028122e-06,-3.8028122e-06,-6.5378336e-08,-6.5378336e-08,-1.6539685e-09,-1.6539685e-09,-0.11610033,-0.11610033,-1.0972381,-1.0972381,-7.2540523,-7.2540523,-1.2069609,-1.2069609,-3.5870902,-3.5870902,-0.131455,-0.131455,0.015366271,0.015366271,-0.0023199348,-0.0023199348,-0.020899348,-0.020899348,4.6476304,4.6476304,-4.7201617,-4.7201617,2.8788927e-05,2.8788927e-05,-1.4951735e-16,-1.4951735e-16,-3.6886876e-19,-3.6890161e-19,3.9021715e-16,3.9025526e-16,-3.8312203e-18,-3.8312204e-18,9.0214292e-16,9.0214293e-16,1.4229695e-06,6.2313547e-10,1.1521985e-09,1.1521985e-09
-0.015387259,-0.015387259,-0.011601783,-0.011601783,-0.026989042,-0.026989042,0.1277018,0.1277018,0.14308906,0.14308906,0.039760427,0.039761452,-0.0397635,-0.0397635,0.039761452,0.039761452,-0.039763499,-0.039763499,-5.2800294e-08,-5.2800294e-08,1.5214628e-19,1.521463e-19,1.2143972e-09,1.2143972e-09,-0.11609251,-0.11609251,-2.6278706e-05,-2.6278706e-05,-2.6278706e-05,-2.6278706e-05,-5.6687903e-06,-5.6687903e-06,0.031323747,0.031323747,-0.031331254,-0.031331254,0.0098615141,0.0098615141,-0.021463359,-0.021463359,0.021462233,0.021462233,-0.0098678951,-0.0098678951,-0.011601845,-0.011601845,0.011594338,0.011594338,-0.011601845,-0.011601845,0.011594338,0.011594338,-0.019721964,-0.019721964,-0.096370544,-0.096370544,-0.019721964,-0.019721964,-0.096370544,-0.096370544,1.2144079e-09,1.2144079e-09,-0.11609251,-0.11609251,-0.011601843,-0.011601843,0.011601783,0.011601783,-0.019721965,-0.019721965,-2.8589051e-11,-2.8589051e-11,-3.7791935e-06,-3.7791935e-06,-3.7153475e-06,-3.7153475e-06,-6.3874635e-08,-6.3874635e-08,-1.615928e-09,-1.615928e-09,-0.11610385,-0.11610385,-1.09817,-1.09817,-7.2542629,-7.2542629,-1.207986,-1.207986,-3.5871889,-3.5871889,-0.13147977,-0.13147977,0.01538726,0.01538726,-0.0023203687,-0.0023203687,-0.020899634,-0.020899634,4.6477817,4.6477817,-4.7204159,-4.7204159,2.8126782e-05,2.8126782e-05,-1.4951713e-16,-1.4951713e-16,-3.6888205e-19,-3.6891326e-19,3.902182e-16,3.902544e-16,-3.8310122e-18,-3.8310122e-18,9.0214149e-16,9.021415e-16,1.4087398e-06,6.1690411e-10,1.0998069e-09,1.0998069e-09
-0.015407766,-0.015407766,-0.011603903,-0.011603903,-0.027011669,-0.027011669,0.12770744,0.12770744,0.1431152,0.1431152,0.03976773,0.039768744,-0.039770745,-0.039770745,0.039768744,0.039768744,-0.039770744,-0.039770744,-5.1585887e-08,-5.1585887e-08,1.5257303e-19,1.5257305e-19,1.1864658e-09,1.1864658e-09,-0.1160962,-0.1160962,-2.5674296e-05,-2.5674296e-05,-2.5674296e-05,-2.5674296e-05,-5.5384081e-06,-5.5384081e-06,0.031329497,0.031329497,-0.031336832,-0.031336832,0.0098633168,0.0098633168,-0.021467281,-0.021467281,0.021466181,0.021466181,-0.0098695511,-0.0098695511,-0.011603964,-0.011603964,0.01159663,0.01159663,-0.011603964,-0.011603964,0.01159663,0.01159663,-0.019725594,-0.019725594,-0.096370606,-0.096370606,-0.019725594,-0.019725594,-0.096370606,-0.096370606,1.1864766e-09,1.1864766e-09,-0.1160962,-0.1160962,-0.011603963,-0.011603963,0.011603903,0.011603903,-0.019725595,-0.019725595,-2.7931506e-11,-2.7931506e-11,-3.6922721e-06,-3.6922721e-06,-3.6298945e-06,-3.6298945e-06,-6.2405518e-08,-6.2405518e-08,-1.5787624e-09,-1.5787624e-09,-0.11610728,-0.11610728,-1.0990805,-1.0990805,-7.2544686,-7.2544686,-1.2089875,-1.2089875,-3.5872855,-3.5872855,-0.13150397,-0.13150397,0.015407767,0.015407767,-0.0023207926,-0.0023207926,-0.020899914,-0.020899914,4.6479295,4.6479295,-4.7206644,-4.7206644,2.7479866e-05,2.7479866e-05,-1.495169e-16,-1.4951691e-16,-3.6889499e-19,-3.6892464e-19,3.9021917e-16,3.9025356e-16,-3.8308088e-18,-3.8308088e-18,9.021401e-16,9.021401e-16,1.3946524e-06,6.1073507e-10,1.0497976e-09,1.0497976e-09
-0.015427801,-0.015427801,-0.011605975,-0.011605975,-0.027033777,-0.027033777,0.12771295,0.12771295,0.14314075,0.14314075,0.039774864,0.039775868,-0.039777823,-0.039777823,0.039775868,0.039775868,-0.039777823,-0.039777823,-5.0399412e-08,-5.0399412e-08,1.5298997e-19,1.5298999e-19,1.1591769e-09,1.1591769e-09,-0.11609981,-0.11609981,-2.5083787e-05,-2.5083787e-05,-2.5083787e-05,-2.5083787e-05,-5.4110248e-06,-5.4110248e-06,0.031335116,0.031335116,-0.031342282,-0.031342282,0.0098650781,0.0098650781,-0.021471113,-0.021471113,0.021470038,0.021470038,-0.0098711689,-0.0098711689,-0.011606035,-0.011606035,0.011598869,0.011598869,-0.011606035,-0.011606035,0.011598869,0.011598869,-0.019729141,-0.019729141,-0.096370667,-0.096370667,-0.019729141,-0.019729141,-0.096370667,-0.096370667,1.1591876e-09,1.1591876e-09,-0.11609981,-0.11609981,-0.011606033,-0.011606033,0.011605975,0.011605975,-0.019729142,-0.019729142,-2.7289085e-11,-2.7289085e-11,-3.6073498e-06,-3.6073498e-06,-3.5464069e-06,-3.5464069e-06,-6.0970191e-08,-6.0970191e-08,-1.5424517e-09,-1.5424517e-09,-0.11611063,-0.11611063,-1.09997,-1.09997,-7.2546697,-7.2546697,-1.209966,-1.209966,-3.5873797,-3.5873797,-0.13152761,-0.13152761,0.015427802,0.015427802,-0.0023212067,-0.0023212067,-0.020900188,-0.020900188,4.6480739,4.6480739,-4.7209071,-4.7209071,2.6847829e-05,2.6847829e-05,-1.4951669e-16,-1.4951669e-16,-3.6890759e-19,-3.6893575e-19,3.9022008e-16,3.9025275e-16,-3.8306101e-18,-3.8306101e-18,9.0213874e-16,9.0213874e-16,1.3807058e-06,6.0462772e-10,1.0020622e-09,1.0020622e-09
-0.015447376,-0.015447376,-0.011608,-0.011608,-0.027055375,-0.027055375,0.12771833,0.12771833,0.14316571,0.14316571,0.039781835,0.039782828,-0.039784739,-0.039784739,0.039782829,0.039782829,-0.039784738,-0.039784738,-4.9240225e-08,-4.9240225e-08,1.5339732e-19,1.5339734e-19,1.1325156e-09,1.1325156e-09,-0.11610333,-0.11610333,-2.450686e-05,-2.450686e-05,-2.450686e-05,-2.450686e-05,-5.2865712e-06,-5.2865712e-06,0.031340605,0.031340605,-0.031347606,-0.031347606,0.0098667988,0.0098667988,-0.021474856,-0.021474856,0.021473806,0.021473806,-0.0098727496,-0.0098727496,-0.011608058,-0.011608058,0.011601057,0.011601057,-0.011608058,-0.011608058,0.011601057,0.011601057,-0.019732605,-0.019732605,-0.096370727,-0.096370727,-0.019732605,-0.019732605,-0.096370727,-0.096370727,1.1325263e-09,1.1325263e-09,-0.11610333,-0.11610333,-0.011608057,-0.011608057,0.011608,0.011608,-0.019732607,-0.019732607,-2.6661439e-11,-2.6661439e-11,-3.5243808e-06,-3.5243808e-06,-3.4648396e-06,-3.4648396e-06,-5.9567877e-08,-5.9567877e-08,-1.506976e-09,-1.506976e-09,-0.11611391,-0.11611391,-1.100839,-1.100839,-7.2548661,-7.2548661,-1.210922,-1.210922,-3.5874719,-3.5874719,-0.13155071,-0.13155071,0.015447377,0.015447377,-0.0023216113,-0.0023216113,-0.020900455,-0.020900455,4.648215,4.648215,-4.7211443,-4.7211443,2.6230329e-05,2.6230329e-05,-1.4951648e-16,-1.4951648e-16,-3.6891986e-19,-3.6894662e-19,3.9022091e-16,3.9025194e-16,-3.8304159e-18,-3.830416e-18,9.021374e-16,9.0213741e-16,1.3668988e-06,5.9858144e-10,9.5649747e-10,9.5649747e-10
-0.0154665,-0.0154665,-0.011609978,-0.011609978,-0.027076477,-0.027076477,0.12772359,0.12772359,0.14319009,0.14319009,0.039788645,0.039789629,-0.039791495,-0.039791495,0.039789629,0.039789629,-0.039791495,-0.039791495,-4.81077e-08,-4.81077e-08,1.537953e-19,1.5379532e-19,1.1064675e-09,1.1064675e-09,-0.11610678,-0.11610678,-2.3943202e-05,-2.3943202e-05,-2.3943202e-05,-2.3943202e-05,-5.16498e-06,-5.16498e-06,0.031345968,0.031345968,-0.031352808,-0.031352808,0.00986848,0.00986848,-0.021478514,-0.021478514,0.021477488,0.021477488,-0.0098742939,-0.0098742939,-0.011610034,-0.011610034,0.011603194,0.011603194,-0.011610034,-0.011610034,0.011603194,0.011603194,-0.019735991,-0.019735991,-0.096370785,-0.096370785,-0.019735991,-0.019735991,-0.096370785,-0.096370785,1.1064783e-09,1.1064783e-09,-0.11610678,-0.11610678,-0.011610033,-0.011610033,0.011609978,0.011609978,-0.019735992,-0.019735992,-2.6048229e-11,-2.6048229e-11,-3.44332e-06,-3.44332e-06,-3.3851483e-06,-3.3851483e-06,-5.8197816e-08,-5.8197816e-08,-1.4723163e-09,-1.4723163e-09,-0.11611711,-0.11611711,-1.1016881,-1.1016881,-7.2550579,-7.2550579,-1.211856,-1.211856,-3.5875619,-3.5875619,-0.13157328,-0.13157328,0.015466501,0.015466501,-0.0023220066,-0.0023220066,-0.020900716,-0.020900716,4.6483529,4.6483529,-4.721376,-4.721376,2.5627031e-05,2.5627031e-05,-1.4951627e-16,-1.4951627e-16,-3.6893181e-19,-3.6895723e-19,3.9022168e-16,3.9025116e-16,-3.8302263e-18,-3.8302263e-18,9.021361e-16,9.0213611e-16,1.3532298e-06,5.9259563e-10,9.1300458e-10,9.1300458e-10
-0.015485184,-0.015485184,-0.01161191,-0.01161191,-0.027097094,-0.027097094,0.12772873,0.12772873,0.14321392,0.14321392,0.039795299,0.039796273,-0.039798096,-0.039798096,0.039796273,0.039796273,-0.039798096,-0.039798096,-4.7001223e-08,-4.7001223e-08,1.5418413e-19,1.5418414e-19,1.0810185e-09,1.0810185e-09,-0.11611014,-0.11611014,-2.3392509e-05,-2.3392509e-05,-2.3392509e-05,-2.3392509e-05,-5.0461855e-06,-5.0461855e-06,0.031351208,0.031351208,-0.03135789,-0.03135789,0.0098701225,0.0098701225,-0.021482088,-0.021482088,0.021481085,0.021481085,-0.0098758027,-0.0098758027,-0.011611965,-0.011611965,0.011605283,0.011605283,-0.011611965,-0.011611965,0.011605283,0.011605283,-0.019739298,-0.019739298,-0.096370842,-0.096370842,-0.019739298,-0.019739298,-0.096370842,-0.096370842,1.0810293e-09,1.0810293e-09,-0.11611014,-0.11611014,-0.011611964,-0.011611964,0.01161191,0.01161191,-0.019739299,-0.019739299,-2.5449123e-11,-2.5449123e-11,-3.3641237e-06,-3.3641237e-06,-3.3072899e-06,-3.3072899e-06,-5.6859266e-08,-5.6859266e-08,-1.4384538e-09,-1.4384538e-09,-0.11612023,-0.11612023,-1.1025177,-1.1025177,-7.2552454,-7.2552454,-1.2127685,-1.2127685,-3.5876498,-3.5876498,-0.13159533,-0.13159533,0.015485185,0.015485185,-0.0023223928,-0.0023223928,-0.020900972,-0.020900972,4.6484876,4.6484876,-4.7216024,-4.7216024,2.503761e-05,2.503761e-05,-1.4951607e-16,-1.4951607e-16,-3.6894345e-19,-3.689676e-19,3.9022239e-16,3.902504e-16,-3.830041e-18,-3.830041e-18,9.0213483e-16,9.0213484e-16,1.3396975e-06,5.8666967e-10,8.7148935e-10,8.7148935e-10
-0.015503439,-0.015503439,-0.011613798,-0.011613798,-0.027117237,-0.027117237,0.12773375,0.12773375,0.14323719,0.14323719,0.0398018,0.039802764,-0.039804546,-0.039804546,0.039802764,0.039802764,-0.039804545,-0.039804545,-4.5920195e-08,-4.5920195e-08,1.5456401e-19,1.5456402e-19,1.0561549e-09,1.0561549e-09,-0.11611343,-0.11611343,-2.2854481e-05,-2.2854481e-05,-2.2854481e-05,-2.2854481e-05,-4.9301232e-06,-4.9301232e-06,0.031356327,0.031356327,-0.031362856,-0.031362856,0.0098717272,0.0098717272,-0.021485579,-0.021485579,0.0214846,0.0214846,-0.0098772767,-0.0098772767,-0.011613852,-0.011613852,0.011607323,0.011607323,-0.011613852,-0.011613852,0.011607323,0.011607323,-0.019742529,-0.019742529,-0.096370897,-0.096370897,-0.019742529,-0.019742529,-0.096370897,-0.096370897,1.0561656e-09,1.0561656e-09,-0.11611343,-0.11611343,-0.011613851,-0.011613851,0.011613798,0.011613798,-0.01974253,-0.01974253,-2.4863797e-11,-2.4863797e-11,-3.2867488e-06,-3.2867488e-06,-3.2312222e-06,-3.2312222e-06,-5.5551503e-08,-5.5551503e-08,-1.4053701e-09,-1.4053701e-09,-0.11612329,-0.11612329,-1.1033281,-1.1033281,-7.2554286,-7.2554286,-1.21366,-1.21366,-3.5877357,-3.5877357,-0.13161687,-0.13161687,0.01550344,0.01550344,-0.0023227701,-0.0023227701,-0.020901221,-0.020901221,4.6486191,4.6486191,-4.7218236,-4.7218236,2.4461745e-05,2.4461745e-05,-1.4951587e-16,-1.4951588e-16,-3.6895479e-19,-3.6897773e-19,3.9022304e-16,3.9024965e-16,-3.8298599e-18,-3.8298599e-18,9.0213359e-16,9.0213359e-16,1.3263005e-06,5.8080298e-10,8.3186185e-10,8.3186185e-10
-0.015521274,-0.015521274,-0.011615642,-0.011615642,-0.027136916,-0.027136916,0.12773866,0.12773866,0.14325993,0.14325993,0.039808151,0.039809106,-0.039810847,-0.039810847,0.039809106,0.039809106,-0.039810846,-0.039810846,-4.486403e-08,-4.486403e-08,1.5493516e-19,1.5493517e-19,1.0318631e-09,1.0318631e-09,-0.11611664,-0.11611664,-2.2328828e-05,-2.2328828e-05,-2.2328828e-05,-2.2328828e-05,-4.8167304e-06,-4.8167304e-06,0.031361328,0.031361328,-0.031367707,-0.031367707,0.009873295,0.009873295,-0.02148899,-0.02148899,0.021488033,0.021488033,-0.0098787169,-0.0098787169,-0.011615695,-0.011615695,0.011609316,0.011609316,-0.011615695,-0.011615695,0.011609316,0.011609316,-0.019745686,-0.019745686,-0.096370952,-0.096370952,-0.019745686,-0.019745686,-0.096370952,-0.096370952,1.0318739e-09,1.0318739e-09,-0.11611664,-0.11611664,-0.011615694,-0.011615694,0.011615642,0.011615642,-0.019745687,-0.019745687,-2.4291932e-11,-2.4291932e-11,-3.2111536e-06,-3.2111536e-06,-3.1569041e-06,-3.1569041e-06,-5.4273818e-08,-5.4273818e-08,-1.3730474e-09,-1.3730474e-09,-0.11612627,-0.11612627,-1.10412,-1.10412,-7.2556075,-7.2556075,-1.2145311,-1.2145311,-3.5878197,-3.5878197,-0.13163791,-0.13163791,0.015521275,0.015521275,-0.0023231388,-0.0023231388,-0.020901464,-0.020901464,4.6487477,4.6487477,-4.7220398,-4.7220398,2.3899124e-05,2.3899124e-05,-1.4951568e-16,-1.4951568e-16,-3.6896583e-19,-3.6898762e-19,3.9022364e-16,3.9024892e-16,-3.829683e-18,-3.8296831e-18,9.0213238e-16,9.0213238e-16,1.3130375e-06,5.7499495e-10,7.9403626e-10,7.9403626e-10
-0.015538698,-0.015538698,-0.011617444,-0.011617444,-0.027156142,-0.027156142,0.12774345,0.12774345,0.14328215,0.14328215,0.039814357,0.039815302,-0.039817003,-0.039817003,0.039815302,0.039815302,-0.039817002,-0.039817002,-4.3832158e-08,-4.3832158e-08,1.5529777e-19,1.5529778e-19,1.00813e-09,1.00813e-09,-0.11611978,-0.11611978,-2.1815265e-05,-2.1815265e-05,-2.1815265e-05,-2.1815265e-05,-4.7059456e-06,-4.7059456e-06,0.031366215,0.031366215,-0.031372447,-0.031372447,0.0098748267,0.0098748267,-0.021492323,-0.021492323,0.021491388,0.021491388,-0.009880124,-0.009880124,-0.011617496,-0.011617496,0.011611264,0.011611264,-0.011617496,-0.011617496,0.011611264,0.011611264,-0.01974877,-0.01974877,-0.096371005,-0.096371005,-0.01974877,-0.01974877,-0.096371005,-0.096371005,1.0081408e-09,1.0081408e-09,-0.11611978,-0.11611978,-0.011617495,-0.011617495,0.011617444,0.011617444,-0.019748771,-0.019748771,-2.3733221e-11,-2.3733221e-11,-3.1372971e-06,-3.1372971e-06,-3.0842953e-06,-3.0842953e-06,-5.302552e-08,-5.302552e-08,-1.341468e-09,-1.341468e-09,-0.11612919,-0.11612919,-1.1048936,-1.1048936,-7.2557824,-7.2557824,-1.2153821,-1.2153821,-3.5879017,-3.5879017,-0.13165847,-0.13165847,0.015538699,0.015538699,-0.002323499,-0.002323499,-0.020901702,-0.020901702,4.6488733,4.6488733,-4.7222509,-4.7222509,2.3349445e-05,2.3349445e-05,-1.4951549e-16,-1.495155e-16,-3.6897659e-19,-3.6899729e-19,3.9022419e-16,3.9024821e-16,-3.8295102e-18,-3.8295102e-18,9.0213119e-16,9.021312e-16,1.2999071e-06,5.69245e-10,7.5793064e-10,7.5793064e-10
-0.015555722,-0.015555722,-0.011619205,-0.011619205,-0.027174927,-0.027174927,0.12774813,0.12774813,0.14330386,0.14330386,0.03982042,0.039821355,-0.039823017,-0.039823017,0.039821356,0.039821356,-0.039823016,-0.039823016,-4.2824018e-08,-4.2824018e-08,1.5565204e-19,1.5565205e-19,9.8494282e-10,9.8494282e-10,-0.11612284,-0.11612284,-2.1313514e-05,-2.1313514e-05,-2.1313514e-05,-2.1313514e-05,-4.5977089e-06,-4.5977089e-06,0.031370988,0.031370988,-0.031377077,-0.031377077,0.0098763233,0.0098763233,-0.021495578,-0.021495578,0.021494665,0.021494665,-0.0098814986,-0.0098814986,-0.011619255,-0.011619255,0.011613167,0.011613167,-0.011619255,-0.011619255,0.011613167,0.011613167,-0.019751784,-0.019751784,-0.096371057,-0.096371057,-0.019751784,-0.019751784,-0.096371057,-0.096371057,9.8495357e-10,9.8495357e-10,-0.11612284,-0.11612284,-0.011619254,-0.011619254,0.011619205,0.011619205,-0.019751785,-0.019751785,-2.318736e-11,-2.318736e-11,-3.0651392e-06,-3.0651392e-06,-3.0133565e-06,-3.0133565e-06,-5.1805933e-08,-5.1805933e-08,-1.310615e-09,-1.310615e-09,-0.11613204,-0.11613204,-1.1056494,-1.1056494,-7.2559532,-7.2559532,-1.2162135,-1.2162135,-3.5879818,-3.5879818,-0.13167856,-0.13167856,0.015555723,0.015555723,-0.0023238508,-0.0023238508,-0.020901935,-0.020901935,4.648996,4.648996,-4.7224573,-4.7224573,2.2812407e-05,2.2812407e-05,-1.4951531e-16,-1.4951531e-16,-3.6898707e-19,-3.6900674e-19,3.902247e-16,3.9024751e-16,-3.8293414e-18,-3.8293414e-18,9.0213004e-16,9.0213004e-16,1.2869081e-06,5.6355255e-10,7.2346678e-10,7.2346678e-10
-0.015572354,-0.015572354,-0.011620925,-0.011620925,-0.027193279,-0.027193279,0.12775271,0.12775271,0.14332506,0.14332506,0.039826344,0.03982727,-0.039828893,-0.039828893,0.03982727,0.03982727,-0.039828893,-0.039828893,-4.1839066e-08,-4.1839066e-08,1.5599816e-19,1.5599817e-19,9.6228891e-10,9.6228891e-10,-0.11612584,-0.11612584,-2.0823303e-05,-2.0823303e-05,-2.0823303e-05,-2.0823303e-05,-4.4919616e-06,-4.4919616e-06,0.031375653,0.031375653,-0.031381601,-0.031381601,0.0098777854,0.0098777854,-0.02149876,-0.02149876,0.021497867,0.021497867,-0.0098828417,-0.0098828417,-0.011620974,-0.011620974,0.011615026,0.011615026,-0.011620974,-0.011620974,0.011615026,0.011615026,-0.019754728,-0.019754728,-0.096371107,-0.096371107,-0.019754728,-0.019754728,-0.096371107,-0.096371107,9.6229967e-10,9.6229967e-10,-0.11612584,-0.11612584,-0.011620973,-0.011620973,0.011620925,0.011620925,-0.019754729,-0.019754729,-2.2654054e-11,-2.2654054e-11,-2.994641e-06,-2.994641e-06,-2.9440493e-06,-2.9440493e-06,-5.0614397e-08,-5.0614397e-08,-1.2804716e-09,-1.2804716e-09,-0.11613482,-0.11613482,-1.1063878,-1.1063878,-7.25612,-7.25612,-1.2170258,-1.2170258,-3.58806,-3.58806,-0.13169819,-0.13169819,0.015572355,0.015572355,-0.0023241946,-0.0023241946,-0.020902162,-0.020902162,4.6491159,4.6491159,-4.7226588,-4.7226588,2.2287722e-05,2.2287722e-05,-1.4951513e-16,-1.4951513e-16,-3.6899729e-19,-3.6901597e-19,3.9022515e-16,3.9024683e-16,-3.8291764e-18,-3.8291764e-18,9.0212891e-16,9.0212891e-16,1.274039e-06,5.5791702e-10,6.9057002e-10,6.9057002e-10
-0.015588604,-0.015588604,-0.011622605,-0.011622605,-0.027211209,-0.027211209,0.12775718,0.12775718,0.14334578,0.14334578,0.039832131,0.039833048,-0.039834634,-0.039834634,0.039833048,0.039833048,-0.039834633,-0.039834633,-4.0876767e-08,-4.0876767e-08,1.5633632e-19,1.5633633e-19,9.4015604e-10,9.4015604e-10,-0.11612876,-0.11612876,-2.0344367e-05,-2.0344367e-05,-2.0344367e-05,-2.0344367e-05,-4.3886464e-06,-4.3886464e-06,0.031380209,0.031380209,-0.031386021,-0.031386021,0.0098792138,0.0098792138,-0.021501867,-0.021501867,0.021500996,0.021500996,-0.0098841539,-0.0098841539,-0.011622654,-0.011622654,0.011616842,0.011616842,-0.011622654,-0.011622654,0.011616842,0.011616842,-0.019757604,-0.019757604,-0.096371157,-0.096371157,-0.019757604,-0.019757604,-0.096371157,-0.096371157,9.401668e-10,9.401668e-10,-0.11612876,-0.11612876,-0.011622653,-0.011622653,0.011622605,0.011622605,-0.019757605,-0.019757605,-2.2133014e-11,-2.2133014e-11,-2.9257643e-06,-2.9257643e-06,-2.8763362e-06,-2.8763362e-06,-4.9450266e-08,-4.9450266e-08,-1.2510215e-09,-1.2510215e-09,-0.11613754,-0.11613754,-1.1071093,-1.1071093,-7.2562831,-7.2562831,-1.2178194,-1.2178194,-3.5881365,-3.5881365,-0.13171737,-0.13171737,0.015588605,0.015588605,-0.0023245305,-0.0023245305,-0.020902384,-0.020902384,4.649233,4.649233,-4.7228558,-4.7228558,2.1775104e-05,2.1775104e-05,-1.4951496e-16,-1.4951496e-16,-3.6900724e-19,-3.6902499e-19,3.9022557e-16,3.9024616e-16,-3.8290153e-18,-3.8290153e-18,9.021278e-16,9.021278e-16,1.2612986e-06,5.5233785e-10,6.5916911e-10,6.5916911e-10
-0.01560448,-0.01560448,-0.011624247,-0.011624247,-0.027228727,-0.027228727,0.12776154,0.12776154,0.14336602,0.14336602,0.039837786,0.039838693,-0.039840243,-0.039840243,0.039838694,0.039838694,-0.039840242,-0.039840242,-3.9936602e-08,-3.9936602e-08,1.566667e-19,1.5666671e-19,9.1853223e-10,9.1853223e-10,-0.11613162,-0.11613162,-1.9876446e-05,-1.9876446e-05,-1.9876447e-05,-1.9876447e-05,-4.2877076e-06,-4.2877076e-06,0.031384662,0.031384662,-0.03139034,-0.03139034,0.0098806095,0.0098806095,-0.021504904,-0.021504904,0.021504052,0.021504052,-0.0098854359,-0.0098854359,-0.011624294,-0.011624294,0.011618616,0.011618616,-0.011624294,-0.011624294,0.011618616,0.011618616,-0.019760414,-0.019760414,-0.096371205,-0.096371205,-0.019760414,-0.019760414,-0.096371205,-0.096371205,9.1854299e-10,9.1854299e-10,-0.11613162,-0.11613162,-0.011624293,-0.011624293,0.011624247,0.011624247,-0.019760415,-0.019760415,-2.1623958e-11,-2.1623958e-11,-2.8584717e-06,-2.8584717e-06,-2.8101804e-06,-2.8101804e-06,-4.8312909e-08,-4.8312909e-08,-1.2222488e-09,-1.2222488e-09,-0.1161402,-0.1161402,-1.1078141,-1.1078141,-7.2564424,-7.2564424,-1.2185948,-1.2185948,-3.5882112,-3.5882112,-0.1317361,-0.1317361,0.015604481,0.015604481,-0.0023248587,-0.0023248587,-0.020902601,-0.020902601,4.6493475,4.6493475,-4.7230482,-4.7230482,2.1274277e-05,2.1274277e-05,-1.4951479e-16,-1.4951479e-16,-3.6901694e-19,-3.690338e-19,3.9022595e-16,3.9024551e-16,-3.8288578e-18,-3.8288578e-18,9.0212672e-16,9.0212672e-16,1.2486856e-06,5.4681448e-10,6.2919603e-10,6.2919603e-10
-0.015619991,-0.015619991,-0.011625851,-0.011625851,-0.027245842,-0.027245842,0.12776581,0.12776581,0.1433858,0.1433858,0.03984331,0.039844209,-0.039845723,-0.039845723,0.039844209,0.039844209,-0.039845722,-0.039845722,-3.901806e-08,-3.901806e-08,1.5698949e-19,1.5698949e-19,8.9740577e-10,8.9740577e-10,-0.11613441,-0.11613441,-1.9419288e-05,-1.9419288e-05,-1.9419288e-05,-1.9419288e-05,-4.1890903e-06,-4.1890903e-06,0.031389011,0.031389011,-0.031394559,-0.031394559,0.009881973,0.009881973,-0.02150787,-0.02150787,0.021507038,0.021507038,-0.0098866884,-0.0098866884,-0.011625897,-0.011625897,0.01162035,0.01162035,-0.011625897,-0.011625897,0.01162035,0.01162035,-0.01976316,-0.01976316,-0.096371252,-0.096371252,-0.01976316,-0.01976316,-0.096371252,-0.096371252,8.9741653e-10,8.9741653e-10,-0.11613441,-0.11613441,-0.011625896,-0.011625896,0.011625851,0.011625851,-0.019763161,-0.019763161,-2.112661e-11,-2.112661e-11,-2.7927269e-06,-2.7927269e-06,-2.7455463e-06,-2.7455463e-06,-4.7201712e-08,-4.7201712e-08,-1.1941378e-09,-1.1941378e-09,-0.11614279,-0.11614279,-1.1085028,-1.1085028,-7.256598,-7.256598,-1.2193523,-1.2193523,-3.5882842,-3.5882842,-0.1317544,-0.1317544,0.015619991,0.015619991,-0.0023251793,-0.0023251793,-0.020902813,-0.020902813,4.6494593,4.6494593,-4.7232362,-4.7232362,2.0784969e-05,2.0784969e-05,-1.4951462e-16,-1.4951462e-16,-3.6902639e-19,-3.690424e-19,3.9022629e-16,3.9024487e-16,-3.828704e-18,-3.828704e-18,9.0212567e-16,9.0212567e-16,1.2361988e-06,5.4134633e-10,6.0058586e-10,6.0058586e-10
-0.015635145,-0.015635145,-0.011627419,-0.011627419,-0.027262563,-0.027262563,0.12776998,0.12776998,0.14340512,0.14340512,0.039848708,0.039849598,-0.039851077,-0.039851077,0.039849598,0.039849598,-0.039851076,-0.039851076,-3.8120644e-08,-3.8120644e-08,1.5730485e-19,1.5730485e-19,8.7676521e-10,8.7676521e-10,-0.11613714,-0.11613714,-1.8972645e-05,-1.8972645e-05,-1.8972645e-05,-1.8972645e-05,-4.0927412e-06,-4.0927412e-06,0.031393261,0.031393261,-0.031398681,-0.031398681,0.0098833051,0.0098833051,-0.021510769,-0.021510769,0.021509956,0.021509956,-0.0098879121,-0.0098879121,-0.011627464,-0.011627464,0.011622044,0.011622044,-0.011627464,-0.011627464,0.011622044,0.011622044,-0.019765842,-0.019765842,-0.096371298,-0.096371298,-0.019765842,-0.019765842,-0.096371298,-0.096371298,8.7677598e-10,8.7677598e-10,-0.11613714,-0.11613714,-0.011627463,-0.011627463,0.011627419,0.011627419,-0.019765843,-0.019765843,-2.0640701e-11,-2.0640701e-11,-2.7284941e-06,-2.7284941e-06,-2.6823987e-06,-2.6823987e-06,-4.6116073e-08,-4.6116073e-08,-1.1666734e-09,-1.1666734e-09,-0.11614533,-0.11614533,-1.1091756,-1.1091756,-7.2567501,-7.2567501,-1.2200924,-1.2200924,-3.5883556,-3.5883556,-0.13177229,-0.13177229,0.015635145,0.015635145,-0.0023254925,-0.0023254925,-0.02090302,-0.02090302,4.6495685,4.6495685,-4.7234199,-4.7234199,2.0306914e-05,2.0306914e-05,-1.4951446e-16,-1.4951446e-16,-3.690356e-19,-3.6905081e-19,3.902266e-16,3.9024425e-16,-3.8285537e-18,-3.8285537e-18,9.0212463e-16,9.0212464e-16,1.2238368e-06,5.3593287e-10,5.7327662e-10,5.7327662e-10
-0.01564995,-0.01564995,-0.01162895,-0.01162895,-0.0272789,-0.0272789,0.12777405,0.12777405,0.143424,0.143424,0.039853981,0.039854862,-0.039856307,-0.039856307,0.039854863,0.039854863,-0.039856307,-0.039856307,-3.724387e-08,-3.724387e-08,1.5761295e-19,1.5761296e-19,8.5659939e-10,8.5659939e-10,-0.11613981,-0.11613981,-1.8536274e-05,-1.8536274e-05,-1.8536274e-05,-1.8536274e-05,-3.9986082e-06,-3.9986082e-06,0.031397413,0.031397413,-0.031402708,-0.031402708,0.0098846067,0.0098846067,-0.0215136,-0.0215136,0.021512806,0.021512806,-0.0098891077,-0.0098891077,-0.011628994,-0.011628994,0.011623698,0.011623698,-0.011628994,-0.011628994,0.011623698,0.011623698,-0.019768463,-0.019768463,-0.096371343,-0.096371343,-0.019768463,-0.019768463,-0.096371343,-0.096371343,8.5661015e-10,8.5661015e-10,-0.11613981,-0.11613981,-0.011628993,-0.011628993,0.01162895,0.01162895,-0.019768464,-0.019768464,-2.0165968e-11,-2.0165968e-11,-2.6657388e-06,-2.6657388e-06,-2.6207035e-06,-2.6207035e-06,-4.5055403e-08,-4.5055403e-08,-1.1398407e-09,-1.1398407e-09,-0.1161478,-0.1161478,-1.1098329,-1.1098329,-7.2568986,-7.2568986,-1.2208155,-1.2208155,-3.5884252,-3.5884252,-0.13178976,-0.13178976,0.015649951,0.015649951,-0.0023257986,-0.0023257986,-0.020903222,-0.020903222,4.6496752,4.6496752,-4.7235993,-4.7235993,1.9839855e-05,1.9839855e-05,-1.495143e-16,-1.495143e-16,-3.6904457e-19,-3.6905903e-19,3.9022687e-16,3.9024364e-16,-3.8284069e-18,-3.8284069e-18,9.0212363e-16,9.0212363e-16,1.2115984e-06,5.3057354e-10,5.4720916e-10,5.4720916e-10
-0.015664415,-0.015664415,-0.011630446,-0.011630446,-0.027294861,-0.027294861,0.12777803,0.12777803,0.14344245,0.14344245,0.039859134,0.039860006,-0.039861418,-0.039861418,0.039860006,0.039860006,-0.039861417,-0.039861417,-3.6387261e-08,-3.6387261e-08,1.5791397e-19,1.5791398e-19,8.3689738e-10,8.3689738e-10,-0.11614241,-0.11614241,-1.8109939e-05,-1.8109939e-05,-1.8109939e-05,-1.8109939e-05,-3.9066402e-06,-3.9066402e-06,0.031401469,0.031401469,-0.031406643,-0.031406643,0.0098858782,0.0098858782,-0.021516367,-0.021516367,0.021515591,0.021515591,-0.0098902757,-0.0098902757,-0.011630489,-0.011630489,0.011625315,0.011625315,-0.011630489,-0.011630489,0.011625315,0.011625315,-0.019771023,-0.019771023,-0.096371387,-0.096371387,-0.019771023,-0.019771023,-0.096371387,-0.096371387,8.3690815e-10,8.3690815e-10,-0.11614241,-0.11614241,-0.011630488,-0.011630488,0.011630446,0.011630446,-0.019771024,-0.019771024,-1.9702154e-11,-1.9702154e-11,-2.6044268e-06,-2.6044268e-06,-2.5604274e-06,-2.5604274e-06,-4.4019129e-08,-4.4019129e-08,-1.1136251e-09,-1.1136251e-09,-0.11615022,-0.11615022,-1.1104752,-1.1104752,-7.2570437,-7.2570437,-1.221522,-1.221522,-3.5884933,-3.5884933,-0.13180683,-0.13180683,0.015664416,0.015664416,-0.0023260976,-0.0023260976,-0.020903419,-0.020903419,4.6497795,4.6497795,-4.7237747,-4.7237747,1.9383539e-05,1.9383539e-05,-1.4951414e-16,-1.4951414e-16,-3.6905332e-19,-3.6906706e-19,3.9022712e-16,3.9024305e-16,-3.8282634e-18,-3.8282634e-18,9.0212264e-16,9.0212264e-16,1.1994824e-06,5.252678e-10,5.2232701e-10,5.2232701e-10
-0.015678547,-0.015678547,-0.011631907,-0.011631907,-0.027310455,-0.027310455,0.12778192,0.12778192,0.14346046,0.14346046,0.039864168,0.039865031,-0.03986641,-0.03986641,0.039865032,0.039865032,-0.03986641,-0.03986641,-3.5550354e-08,-3.5550354e-08,1.5820807e-19,1.5820807e-19,8.1764852e-10,8.1764852e-10,-0.11614496,-0.11614496,-1.7693411e-05,-1.7693411e-05,-1.7693411e-05,-1.7693411e-05,-3.8167875e-06,-3.8167875e-06,0.031405432,0.031405432,-0.031410487,-0.031410487,0.0098871206,0.0098871206,-0.02151907,-0.02151907,0.021518312,0.021518312,-0.0098914169,-0.0098914169,-0.011631949,-0.011631949,0.011626895,0.011626895,-0.011631949,-0.011631949,0.011626895,0.011626895,-0.019773525,-0.019773525,-0.09637143,-0.09637143,-0.019773525,-0.019773525,-0.09637143,-0.09637143,8.1765929e-10,8.1765929e-10,-0.11614496,-0.11614496,-0.011631948,-0.011631948,0.011631907,0.011631907,-0.019773526,-0.019773526,-1.9249008e-11,-1.9249008e-11,-2.544525e-06,-2.544525e-06,-2.5015375e-06,-2.5015375e-06,-4.3006689e-08,-4.3006689e-08,-1.0880125e-09,-1.0880125e-09,-0.11615259,-0.11615259,-1.1111026,-1.1111026,-7.2571855,-7.2571855,-1.2222122,-1.2222122,-3.5885598,-3.5885598,-0.1318235,-0.1318235,0.015678548,0.015678548,-0.0023263897,-0.0023263897,-0.020903612,-0.020903612,4.6498814,4.6498814,-4.723946,-4.723946,1.8937717e-05,1.8937717e-05,-1.4951399e-16,-1.4951399e-16,-3.6906185e-19,-3.690749e-19,3.9022733e-16,3.9024247e-16,-3.8281232e-18,-3.8281232e-18,9.0212168e-16,9.0212168e-16,1.1874876e-06,5.2001513e-10,4.9857628e-10,4.9857628e-10
-0.015692355,-0.015692355,-0.011633335,-0.011633335,-0.02732569,-0.02732569,0.12778571,0.12778571,0.14347807,0.14347807,0.039869086,0.039869941,-0.039871288,-0.039871288,0.039869941,0.039869941,-0.039871288,-0.039871288,-3.4732695e-08,-3.4732695e-08,1.584954e-19,1.5849541e-19,7.9884238e-10,7.9884238e-10,-0.11614744,-0.11614744,-1.7286462e-05,-1.7286462e-05,-1.7286462e-05,-1.7286462e-05,-3.7290013e-06,-3.7290013e-06,0.031409304,0.031409304,-0.031414242,-0.031414242,0.0098883343,0.0098883343,-0.021521711,-0.021521711,0.02152097,0.02152097,-0.0098925319,-0.0098925319,-0.011633376,-0.011633376,0.011628438,0.011628438,-0.011633376,-0.011633376,0.011628438,0.011628438,-0.019775969,-0.019775969,-0.096371472,-0.096371472,-0.019775969,-0.019775969,-0.096371472,-0.096371472,7.9885315e-10,7.9885315e-10,-0.11614744,-0.11614744,-0.011633375,-0.011633375,0.011633335,0.011633335,-0.01977597,-0.01977597,-1.8806284e-11,-1.8806284e-11,-2.4860009e-06,-2.4860009e-06,-2.4440022e-06,-2.4440022e-06,-4.2017535e-08,-4.2017535e-08,-1.0629889e-09,-1.0629889e-09,-0.1161549,-0.1161549,-1.1117156,-1.1117156,-7.2573241,-7.2573241,-1.2228865,-1.2228865,-3.5886248,-3.5886248,-0.1318398,-0.1318398,0.015692355,0.015692355,-0.0023266751,-0.0023266751,-0.020903801,-0.020903801,4.6499809,4.6499809,-4.7241134,-4.7241134,1.850215e-05,1.850215e-05,-1.4951384e-16,-1.4951384e-16,-3.6907017e-19,-3.6908256e-19,3.9022752e-16,3.902419e-16,-3.8279863e-18,-3.8279863e-18,9.0212074e-16,9.0212074e-16,1.1756127e-06,5.1481498e-10,4.7590552e-10,4.7590552e-10
-0.015705844,-0.015705844,-0.01163473,-0.01163473,-0.027340575,-0.027340575,0.12778943,0.12778943,0.14349527,0.14349527,0.039873892,0.039874738,-0.039876054,-0.039876054,0.039874738,0.039874738,-0.039876054,-0.039876054,-3.3933843e-08,-3.3933843e-08,1.5877613e-19,1.5877613e-19,7.8046878e-10,7.8046878e-10,-0.11614987,-0.11614987,-1.6888874e-05,-1.6888874e-05,-1.6888874e-05,-1.6888874e-05,-3.6432343e-06,-3.6432343e-06,0.031413087,0.031413087,-0.031417912,-0.031417912,0.0098895202,0.0098895202,-0.021524291,-0.021524291,0.021523567,0.021523567,-0.0098936212,-0.0098936212,-0.01163477,-0.01163477,0.011629946,0.011629946,-0.01163477,-0.01163477,0.011629946,0.011629946,-0.019778357,-0.019778357,-0.096371513,-0.096371513,-0.019778357,-0.019778357,-0.096371513,-0.096371513,7.8047956e-10,7.8047956e-10,-0.11614987,-0.11614987,-0.01163477,-0.01163477,0.01163473,0.01163473,-0.019778357,-0.019778357,-1.8373742e-11,-1.8373742e-11,-2.4288229e-06,-2.4288229e-06,-2.3877901e-06,-2.3877901e-06,-4.1051132e-08,-4.1051132e-08,-1.038541e-09,-1.038541e-09,-0.11615716,-0.11615716,-1.1123145,-1.1123145,-7.2574594,-7.2574594,-1.2235453,-1.2235453,-3.5886883,-3.5886883,-0.13185572,-0.13185572,0.015705845,0.015705845,-0.0023269539,-0.0023269539,-0.020903985,-0.020903985,4.6500782,4.6500782,-4.7242769,-4.7242769,1.80766e-05,1.80766e-05,-1.495137e-16,-1.495137e-16,-3.6907827e-19,-3.6909005e-19,3.9022769e-16,3.9024135e-16,-3.8278525e-18,-3.8278525e-18,9.0211983e-16,9.0211983e-16,1.1638566e-06,5.0966683e-10,4.5426562e-10,4.5426562e-10
-0.015719024,-0.015719024,-0.011636093,-0.011636093,-0.027355117,-0.027355117,0.12779305,0.12779305,0.14351207,0.14351207,0.039878587,0.039879424,-0.039880711,-0.039880711,0.039879425,0.039879425,-0.03988071,-0.03988071,-3.3153365e-08,-3.3153365e-08,1.5905039e-19,1.590504e-19,7.6251778e-10,7.6251778e-10,-0.11615224,-0.11615224,-1.650043e-05,-1.650043e-05,-1.650043e-05,-1.650043e-05,-3.5594399e-06,-3.5594399e-06,0.031416783,0.031416783,-0.031421497,-0.031421497,0.0098906788,0.0098906788,-0.021526811,-0.021526811,0.021526104,0.021526104,-0.0098946854,-0.0098946854,-0.011636132,-0.011636132,0.011631419,0.011631419,-0.011636132,-0.011636132,0.011631419,0.011631419,-0.019780689,-0.019780689,-0.096371554,-0.096371554,-0.019780689,-0.019780689,-0.096371554,-0.096371554,7.6252855e-10,7.6252855e-10,-0.11615224,-0.11615224,-0.011636132,-0.011636132,0.011636093,0.011636093,-0.01978069,-0.01978069,-1.7951149e-11,-1.7951149e-11,-2.37296e-06,-2.37296e-06,-2.3328709e-06,-2.3328709e-06,-4.0106956e-08,-4.0106956e-08,-1.0146553e-09,-1.0146553e-09,-0.11615936,-0.11615936,-1.1128997,-1.1128997,-7.2575917,-7.2575917,-1.224189,-1.224189,-3.5887503,-3.5887503,-0.13187127,-0.13187127,0.015719024,0.015719024,-0.0023272263,-0.0023272263,-0.020904165,-0.020904165,4.6501732,4.6501732,-4.7244367,-4.7244367,1.7660839e-05,1.7660839e-05,-1.4951355e-16,-1.4951355e-16,-3.6908617e-19,-3.6909736e-19,3.9022783e-16,3.9024081e-16,-3.8277218e-18,-3.8277218e-18,9.0211893e-16,9.0211893e-16,1.152218e-06,5.0457016e-10,4.336097e-10,4.336097e-10
-0.0157319,-0.0157319,-0.011637425,-0.011637425,-0.027369325,-0.027369325,0.12779659,0.12779659,0.14352849,0.14352849,0.039883174,0.039884003,-0.03988526,-0.03988526,0.039884003,0.039884003,-0.039885259,-0.039885259,-3.2390838e-08,-3.2390838e-08,1.5931835e-19,1.5931835e-19,7.4497965e-10,7.4497965e-10,-0.11615456,-0.11615456,-1.612092e-05,-1.612092e-05,-1.612092e-05,-1.612092e-05,-3.4775728e-06,-3.4775728e-06,0.031420394,0.031420394,-0.031424999,-0.031424999,0.0098918107,0.0098918107,-0.021529274,-0.021529274,0.021528583,0.021528583,-0.0098957252,-0.0098957252,-0.011637463,-0.011637463,0.011632858,0.011632858,-0.011637463,-0.011637463,0.011632858,0.011632858,-0.019782969,-0.019782969,-0.096371593,-0.096371593,-0.019782969,-0.019782969,-0.096371593,-0.096371593,7.4499042e-10,7.4499042e-10,-0.11615456,-0.11615456,-0.011637462,-0.011637462,0.011637425,0.011637425,-0.019782969,-0.019782969,-1.7538276e-11,-1.7538276e-11,-2.3183819e-06,-2.3183819e-06,-2.2792149e-06,-2.2792149e-06,-3.9184496e-08,-3.9184496e-08,-9.9131895e-10,-9.9131895e-10,-0.11616152,-0.11616152,-1.1134713,-1.1134713,-7.2577209,-7.2577209,-1.2248178,-1.2248178,-3.5888109,-3.5888109,-0.13188646,-0.13188646,0.015731901,0.015731901,-0.0023274925,-0.0023274925,-0.020904341,-0.020904341,4.650266,4.650266,-4.7245928,-4.7245928,1.7254639e-05,1.7254639e-05,-1.4951341e-16,-1.4951341e-16,-3.6909388e-19,-3.6910451e-19,3.9022795e-16,3.9024028e-16,-3.8275941e-18,-3.8275941e-18,9.0211805e-16,9.0211805e-16,1.1406958e-06,4.9952446e-10,4.1389304e-10,4.1389304e-10
-0.01574448,-0.01574448,-0.011638726,-0.011638726,-0.027383206,-0.027383206,0.12780005,0.12780005,0.14354453,0.14354453,0.039887655,0.039888476,-0.039889704,-0.039889704,0.039888477,0.039888477,-0.039889704,-0.039889704,-3.1645848e-08,-3.1645848e-08,1.5958015e-19,1.5958015e-19,7.2784489e-10,7.2784489e-10,-0.11615683,-0.11615683,-1.5750139e-05,-1.5750139e-05,-1.5750139e-05,-1.5750139e-05,-3.3975886e-06,-3.3975886e-06,0.031423922,0.031423922,-0.031428421,-0.031428421,0.0098929166,0.0098929166,-0.02153168,-0.02153168,0.021531005,0.021531005,-0.009896741,-0.009896741,-0.011638763,-0.011638763,0.011634264,0.011634264,-0.011638763,-0.011638763,0.011634264,0.011634264,-0.019785195,-0.019785195,-0.096371631,-0.096371631,-0.019785195,-0.019785195,-0.096371631,-0.096371631,7.2785567e-10,7.2785567e-10,-0.11615683,-0.11615683,-0.011638763,-0.011638763,0.011638726,0.011638726,-0.019785196,-0.019785196,-1.7134899e-11,-1.7134899e-11,-2.2650591e-06,-2.2650591e-06,-2.226793e-06,-2.226793e-06,-3.8283252e-08,-3.8283252e-08,-9.6851937e-10,-9.6851937e-10,-0.11616362,-0.11616362,-1.1140299,-1.1140299,-7.2578471,-7.2578471,-1.2254322,-1.2254322,-3.5888701,-3.5888701,-0.13190131,-0.13190131,0.015744481,0.015744481,-0.0023277525,-0.0023277525,-0.020904513,-0.020904513,4.6503567,4.6503567,-4.7247453,-4.7247453,1.6857783e-05,1.6857783e-05,-1.4951328e-16,-1.4951328e-16,-3.6910139e-19,-3.6911149e-19,3.9022805e-16,3.9023976e-16,-3.8274693e-18,-3.8274693e-18,9.021172e-16,9.021172e-16,1.1292889e-06,4.9452921e-10,3.9507291e-10,3.9507291e-10
-0.015756771,-0.015756771,-0.011639997,-0.011639997,-0.027396768,-0.027396768,0.12780343,0.12780343,0.1435602,0.1435602,0.039892034,0.039892847,-0.039894046,-0.039894046,0.039892847,0.039892847,-0.039894046,-0.039894046,-3.0917994e-08,-3.0917994e-08,1.5983592e-19,1.5983592e-19,7.1110424e-10,7.1110424e-10,-0.11615904,-0.11615904,-1.5387885e-05,-1.5387885e-05,-1.5387885e-05,-1.5387885e-05,-3.3194441e-06,-3.3194441e-06,0.031427368,0.031427368,-0.031431764,-0.031431764,0.009893997,0.009893997,-0.021534031,-0.021534031,0.021533371,0.021533371,-0.0098977335,-0.0098977335,-0.011640034,-0.011640034,0.011635638,0.011635638,-0.011640034,-0.011640034,0.011635638,0.011635638,-0.019787371,-0.019787371,-0.096371668,-0.096371668,-0.019787371,-0.019787371,-0.096371668,-0.096371668,7.1111502e-10,7.1111502e-10,-0.11615904,-0.11615904,-0.011640033,-0.011640033,0.011639997,0.011639997,-0.019787372,-0.019787372,-1.67408e-11,-1.67408e-11,-2.2129627e-06,-2.2129627e-06,-2.1755767e-06,-2.1755767e-06,-3.7402737e-08,-3.7402737e-08,-9.4624418e-10,-9.4624418e-10,-0.11616568,-0.11616568,-1.1145756,-1.1145756,-7.2579704,-7.2579704,-1.2260325,-1.2260325,-3.588928,-3.588928,-0.13191581,-0.13191581,0.015756772,0.015756772,-0.0023280066,-0.0023280066,-0.02090468,-0.02090468,4.6504453,4.6504453,-4.7248943,-4.7248943,1.6470054e-05,1.6470054e-05,-1.4951315e-16,-1.4951315e-16,-3.6910872e-19,-3.6911831e-19,3.9022813e-16,3.9023925e-16,-3.8273474e-18,-3.8273474e-18,9.0211636e-16,9.0211636e-16,1.117996e-06,4.8958392e-10,3.7710855e-10,3.7710855e-10
-0.015768779,-0.015768779,-0.011641239,-0.011641239,-0.027410018,-0.027410018,0.12780674,0.12780674,0.14357551,0.14357551,0.039896312,0.039897117,-0.039898289,-0.039898289,0.039897117,0.039897117,-0.039898289,-0.039898289,-3.020688e-08,-3.020688e-08,1.6008581e-19,1.6008581e-19,6.9474862e-10,6.9474862e-10,-0.1161612,-0.1161612,-1.5033964e-05,-1.5033964e-05,-1.5033964e-05,-1.5033964e-05,-3.2430969e-06,-3.2430969e-06,0.031430736,0.031430736,-0.03143503,-0.03143503,0.0098950526,0.0098950526,-0.021536327,-0.021536327,0.021535683,0.021535683,-0.0098987032,-0.0098987032,-0.011641275,-0.011641275,0.01163698,0.01163698,-0.011641275,-0.011641275,0.01163698,0.01163698,-0.019789497,-0.019789497,-0.096371705,-0.096371705,-0.019789497,-0.019789497,-0.096371705,-0.096371705,6.947594e-10,6.947594e-10,-0.1161612,-0.1161612,-0.011641274,-0.011641274,0.011641239,0.011641239,-0.019789497,-0.019789497,-1.6355764e-11,-1.6355764e-11,-2.1620646e-06,-2.1620646e-06,-2.1255385e-06,-2.1255385e-06,-3.6542474e-08,-3.6542474e-08,-9.2448132e-10,-9.2448132e-10,-0.11616769,-0.11616769,-1.1151087,-1.1151087,-7.2580909,-7.2580909,-1.226619,-1.226619,-3.5889845,-3.5889845,-0.13192998,-0.13192998,0.01576878,0.01576878,-0.0023282548,-0.0023282548,-0.020904844,-0.020904844,4.6505318,4.6505318,-4.7250399,-4.7250399,1.6091242e-05,1.6091242e-05,-1.4951302e-16,-1.4951302e-16,-3.6911586e-19,-3.6912497e-19,3.9022819e-16,3.9023876e-16,-3.8272283e-18,-3.8272283e-18,9.0211555e-16,9.0211555e-16,1.106816e-06,4.8468808e-10,3.5996104e-10,3.5996104e-10
-0.015780511,-0.015780511,-0.011642452,-0.011642452,-0.027422963,-0.027422963,0.12780996,0.12780996,0.14359047,0.14359047,0.039900492,0.039901289,-0.039902434,-0.039902434,0.039901289,0.039901289,-0.039902433,-0.039902433,-2.9512122e-08,-2.9512122e-08,1.6032996e-19,1.6032996e-19,6.7876917e-10,6.7876917e-10,-0.11616331,-0.11616331,-1.4688183e-05,-1.4688183e-05,-1.4688183e-05,-1.4688183e-05,-3.1685057e-06,-3.1685057e-06,0.031434026,0.031434026,-0.031438222,-0.031438222,0.009896084,0.009896084,-0.021538571,-0.021538571,0.021537942,0.021537942,-0.0098996506,-0.0098996506,-0.011642487,-0.011642487,0.011638291,0.011638291,-0.011642487,-0.011642487,0.011638291,0.011638291,-0.019791573,-0.019791573,-0.096371741,-0.096371741,-0.019791573,-0.019791573,-0.096371741,-0.096371741,6.7877996e-10,6.7877996e-10,-0.11616331,-0.11616331,-0.011642486,-0.011642486,0.011642452,0.011642452,-0.019791574,-0.019791574,-1.5979585e-11,-1.5979585e-11,-2.1123371e-06,-2.1123371e-06,-2.0766511e-06,-2.0766511e-06,-3.5701998e-08,-3.5701998e-08,-9.03219e-10,-9.03219e-10,-0.11616965,-0.11616965,-1.1156296,-1.1156296,-7.2582086,-7.2582086,-1.2271919,-1.2271919,-3.5890397,-3.5890397,-0.13194383,-0.13194383,0.015780512,0.015780512,-0.0023284973,-0.0023284973,-0.020905005,-0.020905005,4.6506164,4.6506164,-4.7251822,-4.7251822,1.5721144e-05,1.5721144e-05,-1.4951289e-16,-1.4951289e-16,-3.6912282e-19,-3.6913148e-19,3.9022823e-16,3.9023828e-16,-3.827112e-18,-3.827112e-18,9.0211475e-16,9.0211475e-16,1.0957479e-06,4.798412e-10,3.4359326e-10,3.4359326e-10
-0.015791973,-0.015791973,-0.011643638,-0.011643638,-0.027435611,-0.027435611,0.12781311,0.12781311,0.14360509,0.14360509,0.039904576,0.039905364,-0.039906483,-0.039906483,0.039905365,0.039905365,-0.039906483,-0.039906483,-2.8833343e-08,-2.8833343e-08,1.6056849e-19,1.6056849e-19,6.6315726e-10,6.6315726e-10,-0.11616538,-0.11616538,-1.4350355e-05,-1.4350355e-05,-1.4350355e-05,-1.4350355e-05,-3.09563e-06,-3.09563e-06,0.03143724,0.03143724,-0.031441339,-0.031441339,0.0098970916,0.0098970916,-0.021540763,-0.021540763,0.021540148,0.021540148,-0.0099005761,-0.0099005761,-0.011643672,-0.011643672,0.011639572,0.011639572,-0.011643672,-0.011643672,0.011639572,0.011639572,-0.019793602,-0.019793602,-0.096371776,-0.096371776,-0.019793602,-0.019793602,-0.096371776,-0.096371776,6.6316805e-10,6.6316805e-10,-0.11616538,-0.11616538,-0.011643671,-0.011643671,0.011643638,0.011643638,-0.019793603,-0.019793603,-1.5612058e-11,-1.5612058e-11,-2.0637533e-06,-2.0637533e-06,-2.0288881e-06,-2.0288881e-06,-3.4880852e-08,-3.4880852e-08,-8.8244572e-10,-8.8244572e-10,-0.11617157,-0.11617157,-1.1161385,-1.1161385,-7.2583236,-7.2583236,-1.2277517,-1.2277517,-3.5890936,-3.5890936,-0.13195735,-0.13195735,0.015791974,0.015791974,-0.0023287342,-0.0023287342,-0.020905161,-0.020905161,4.650699,4.650699,-4.7253211,-4.7253211,1.5359557e-05,1.5359557e-05,-1.4951277e-16,-1.4951277e-16,-3.6912962e-19,-3.6913784e-19,3.9022826e-16,3.902378e-16,-3.8269983e-18,-3.8269983e-18,9.0211397e-16,9.0211397e-16,1.0847904e-06,4.7504279e-10,3.2796973e-10,3.2796973e-10
-0.015803171,-0.015803171,-0.011644796,-0.011644796,-0.027447967,-0.027447967,0.1278162,0.1278162,0.14361937,0.14361937,0.039908566,0.039909347,-0.039910439,-0.039910439,0.039909347,0.039909347,-0.039910439,-0.039910439,-2.8170176e-08,-2.8170176e-08,1.6080153e-19,1.6080153e-19,6.4790442e-10,6.4790442e-10,-0.11616739,-0.11616739,-1.4020297e-05,-1.4020297e-05,-1.4020297e-05,-1.4020297e-05,-3.0244305e-06,-3.0244305e-06,0.03144038,0.03144038,-0.031444385,-0.031444385,0.009898076,0.009898076,-0.021542905,-0.021542905,0.021542304,0.021542304,-0.0099014804,-0.0099014804,-0.011644829,-0.011644829,0.011640824,0.011640824,-0.011644829,-0.011644829,0.011640824,0.011640824,-0.019795584,-0.019795584,-0.09637181,-0.09637181,-0.019795584,-0.019795584,-0.09637181,-0.09637181,6.4791521e-10,6.4791521e-10,-0.11616739,-0.11616739,-0.011644828,-0.011644828,0.011644796,0.011644796,-0.019795585,-0.019795585,-1.5252983e-11,-1.5252983e-11,-2.016287e-06,-2.016287e-06,-1.9822237e-06,-1.9822237e-06,-3.4078592e-08,-3.4078592e-08,-8.6215022e-10,-8.6215022e-10,-0.11617344,-0.11617344,-1.1166356,-1.1166356,-7.258436,-7.258436,-1.2282987,-1.2282987,-3.5891463,-3.5891463,-0.13197057,-0.13197057,0.015803172,0.015803172,-0.0023289657,-0.0023289657,-0.020905314,-0.020905314,4.6507797,4.6507797,-4.7254569,-4.7254569,1.5006288e-05,1.5006288e-05,-1.4951265e-16,-1.4951265e-16,-3.6913624e-19,-3.6914406e-19,3.9022828e-16,3.9023734e-16,-3.8268872e-18,-3.8268872e-18,9.0211321e-16,9.0211321e-16,1.0739425e-06,4.7029236e-10,3.1305662e-10,3.1305662e-10
-0.015814112,-0.015814112,-0.011645927,-0.011645927,-0.02746004,-0.02746004,0.1278192,0.1278192,0.14363332,0.14363332,0.039912464,0.039913237,-0.039914305,-0.039914305,0.039913237,0.039913237,-0.039914305,-0.039914305,-2.7522262e-08,-2.7522262e-08,1.6102921e-19,1.6102921e-19,6.330024e-10,6.330024e-10,-0.11616936,-0.11616936,-1.369783e-05,-1.369783e-05,-1.369783e-05,-1.369783e-05,-2.9548686e-06,-2.9548686e-06,0.031443448,0.031443448,-0.031447362,-0.031447362,0.0098990378,0.0098990378,-0.021544998,-0.021544998,0.021544411,0.021544411,-0.0099023639,-0.0099023639,-0.01164596,-0.01164596,0.011642047,0.011642047,-0.01164596,-0.01164596,0.011642047,0.011642047,-0.019797521,-0.019797521,-0.096371843,-0.096371843,-0.019797521,-0.019797521,-0.096371843,-0.096371843,6.3301319e-10,6.3301319e-10,-0.11616936,-0.11616936,-0.011645959,-0.011645959,0.011645927,0.011645927,-0.019797522,-0.019797522,-1.4902168e-11,-1.4902168e-11,-1.9699124e-06,-1.9699124e-06,-1.9366325e-06,-1.9366325e-06,-3.3294784e-08,-3.3294784e-08,-8.4232152e-10,-8.4232152e-10,-0.11617527,-0.11617527,-1.1171214,-1.1171214,-7.2585457,-7.2585457,-1.228833,-1.228833,-3.5891978,-3.5891978,-0.13198348,-0.13198348,0.015814113,0.015814113,-0.0023291918,-0.0023291918,-0.020905464,-0.020905464,4.6508586,4.6508586,-4.7255896,-4.7255896,1.4661143e-05,1.4661143e-05,-1.4951253e-16,-1.4951253e-16,-3.6914271e-19,-3.6915013e-19,3.9022828e-16,3.9023689e-16,-3.8267787e-18,-3.8267787e-18,9.0211246e-16,9.0211246e-16,1.0632031e-06,4.6558944e-10,2.9882162e-10,2.9882162e-10
-0.015824802,-0.015824802,-0.011647033,-0.011647033,-0.027471834,-0.027471834,0.12782214,0.12782214,0.14364695,0.14364695,0.039916273,0.039917038,-0.039918081,-0.039918081,0.039917038,0.039917038,-0.039918081,-0.039918081,-2.688925e-08,-2.688925e-08,1.6125166e-19,1.6125166e-19,6.1844312e-10,6.1844312e-10,-0.11617129,-0.11617129,-1.338278e-05,-1.338278e-05,-1.338278e-05,-1.338278e-05,-2.8869067e-06,-2.8869067e-06,0.031446446,0.031446446,-0.031450269,-0.031450269,0.0098999774,0.0098999774,-0.021547042,-0.021547042,0.021546469,0.021546469,-0.0099032271,-0.0099032271,-0.011647065,-0.011647065,0.011643241,0.011643241,-0.011647065,-0.011647065,0.011643241,0.011643241,-0.019799413,-0.019799413,-0.096371875,-0.096371875,-0.019799413,-0.019799413,-0.096371875,-0.096371875,6.1845391e-10,6.1845391e-10,-0.11617129,-0.11617129,-0.011647064,-0.011647064,0.011647033,0.011647033,-0.019799414,-0.019799414,-1.4559421e-11,-1.4559421e-11,-1.9246044e-06,-1.9246044e-06,-1.89209e-06,-1.89209e-06,-3.2529004e-08,-3.2529004e-08,-8.2294888e-10,-8.2294888e-10,-0.11617706,-0.11617706,-1.117596,-1.117596,-7.258653,-7.258653,-1.2293551,-1.2293551,-3.5892481,-3.5892481,-0.13199609,-0.13199609,0.015824802,0.015824802,-0.0023294128,-0.0023294128,-0.02090561,-0.02090561,4.6509356,4.6509356,-4.7257192,-4.7257192,1.4323937e-05,1.4323937e-05,-1.4951241e-16,-1.4951241e-16,-3.6914901e-19,-3.6915606e-19,3.9022827e-16,3.9023645e-16,-3.8266727e-18,-3.8266727e-18,9.0211173e-16,9.0211173e-16,1.052571e-06,4.6093354e-10,2.852339e-10,2.852339e-10
-0.015835245,-0.015835245,-0.011648113,-0.011648113,-0.027483358,-0.027483358,0.12782502,0.12782502,0.14366026,0.14366026,0.039919994,0.039920752,-0.039921771,-0.039921771,0.039920752,0.039920752,-0.039921771,-0.039921771,-2.6270797e-08,-2.6270797e-08,1.6146899e-19,1.6146899e-19,6.042187e-10,6.042187e-10,-0.11617317,-0.11617317,-1.3074976e-05,-1.3074976e-05,-1.3074976e-05,-1.3074976e-05,-2.8205078e-06,-2.8205078e-06,0.031449375,0.031449375,-0.03145311,-0.03145311,0.0099008955,0.0099008955,-0.021549039,-0.021549039,0.021548479,0.021548479,-0.0099040704,-0.0099040704,-0.011648144,-0.011648144,0.011644409,0.011644409,-0.011648144,-0.011648144,0.011644409,0.011644409,-0.019801262,-0.019801262,-0.096371907,-0.096371907,-0.019801262,-0.019801262,-0.096371907,-0.096371907,6.042295e-10,6.042295e-10,-0.11617317,-0.11617317,-0.011648143,-0.011648143,0.011648113,0.011648113,-0.019801262,-0.019801262,-1.4224558e-11,-1.4224558e-11,-1.8803385e-06,-1.8803385e-06,-1.8485719e-06,-1.8485719e-06,-3.1780837e-08,-3.1780837e-08,-8.0402181e-10,-8.0402181e-10,-0.11617881,-0.11617881,-1.1180596,-1.1180596,-7.2587578,-7.2587578,-1.2298651,-1.2298651,-3.5892973,-3.5892973,-0.13200841,-0.13200841,0.015835246,0.015835246,-0.0023296287,-0.0023296287,-0.020905752,-0.020905752,4.6510109,4.6510109,-4.7258458,-4.7258458,1.3994486e-05,1.3994486e-05,-1.495123e-16,-1.495123e-16,-3.6915516e-19,-3.6916185e-19,3.9022825e-16,3.9023602e-16,-3.8265691e-18,-3.8265691e-18,9.0211102e-16,9.0211102e-16,1.0420453e-06,4.5632421e-10,2.7226403e-10,2.7226403e-10
-0.015845448,-0.015845448,-0.011649168,-0.011649168,-0.027494616,-0.027494616,0.12782782,0.12782782,0.14367327,0.14367327,0.03992363,0.03992438,-0.039925376,-0.039925376,0.03992438,0.03992438,-0.039925375,-0.039925375,-2.5666569e-08,-2.5666569e-08,1.6168132e-19,1.6168132e-19,5.9032145e-10,5.9032145e-10,-0.11617501,-0.11617501,-1.2774251e-05,-1.2774251e-05,-1.2774251e-05,-1.2774251e-05,-2.7556361e-06,-2.7556361e-06,0.031452236,0.031452236,-0.031455885,-0.031455885,0.0099017924,0.0099017924,-0.021550991,-0.021550991,0.021550443,0.021550443,-0.0099048943,-0.0099048943,-0.011649198,-0.011649198,0.011645549,0.011645549,-0.011649198,-0.011649198,0.011645549,0.011645549,-0.019803068,-0.019803068,-0.096371938,-0.096371938,-0.019803068,-0.019803068,-0.096371938,-0.096371938,5.9033224e-10,5.9033224e-10,-0.11617501,-0.11617501,-0.011649198,-0.011649198,0.011649168,0.011649168,-0.019803068,-0.019803068,-1.3897396e-11,-1.3897396e-11,-1.8370907e-06,-1.8370907e-06,-1.8060548e-06,-1.8060548e-06,-3.1049878e-08,-3.1049878e-08,-7.8553007e-10,-7.8553007e-10,-0.11618052,-0.11618052,-1.1185126,-1.1185126,-7.2588602,-7.2588602,-1.2303634,-1.2303634,-3.5893453,-3.5893453,-0.13202045,-0.13202045,0.015845449,0.015845449,-0.0023298396,-0.0023298396,-0.020905891,-0.020905891,4.6510845,4.6510845,-4.7259696,-4.7259696,1.3672613e-05,1.3672613e-05,-1.4951219e-16,-1.4951219e-16,-3.6916115e-19,-3.6916752e-19,3.9022822e-16,3.902356e-16,-3.8264679e-18,-3.8264679e-18,9.0211033e-16,9.0211033e-16,1.0316249e-06,4.5176097e-10,2.5988391e-10,2.5988391e-10
-0.015855417,-0.015855417,-0.011650199,-0.011650199,-0.027505616,-0.027505616,0.12783057,0.12783057,0.14368598,0.14368598,0.039927182,0.039927925,-0.039928897,-0.039928897,0.039927925,0.039927925,-0.039928897,-0.039928897,-2.5076238e-08,-2.5076238e-08,1.6188876e-19,1.6188877e-19,5.7674384e-10,5.7674384e-10,-0.1161768,-0.1161768,-1.2480443e-05,-1.2480443e-05,-1.2480443e-05,-1.2480443e-05,-2.6922565e-06,-2.6922565e-06,0.031455031,0.031455031,-0.031458597,-0.031458597,0.0099026688,0.0099026688,-0.021552897,-0.021552897,0.021552363,0.021552363,-0.0099056993,-0.0099056993,-0.011650229,-0.011650229,0.011646663,0.011646663,-0.011650229,-0.011650229,0.011646663,0.011646663,-0.019804832,-0.019804832,-0.096371969,-0.096371969,-0.019804832,-0.019804832,-0.096371969,-0.096371969,5.7675463e-10,5.7675463e-10,-0.1161768,-0.1161768,-0.011650228,-0.011650228,0.011650199,0.011650199,-0.019804833,-0.019804833,-1.3577759e-11,-1.3577759e-11,-1.7948377e-06,-1.7948377e-06,-1.7645155e-06,-1.7645155e-06,-3.0335731e-08,-3.0335731e-08,-7.6746363e-10,-7.6746363e-10,-0.11618219,-0.11618219,-1.1189552,-1.1189552,-7.2589602,-7.2589602,-1.2308503,-1.2308503,-3.5893922,-3.5893922,-0.13203222,-0.13203222,0.015855417,0.015855417,-0.0023300456,-0.0023300456,-0.020906028,-0.020906028,4.6511563,4.6511563,-4.7260905,-4.7260905,1.3358143e-05,1.3358143e-05,-1.4951208e-16,-1.4951208e-16,-3.69167e-19,-3.6917305e-19,3.9022818e-16,3.9023519e-16,-3.8263691e-18,-3.8263691e-18,9.0210965e-16,9.0210965e-16,1.0213086e-06,4.4724336e-10,2.4806673e-10,2.4806673e-10
-0.015865156,-0.015865156,-0.011651206,-0.011651206,-0.027516362,-0.027516362,0.12783324,0.12783324,0.1436984,0.1436984,0.039930653,0.039931388,-0.039932338,-0.039932338,0.039931388,0.039931388,-0.039932338,-0.039932338,-2.4499484e-08,-2.4499484e-08,1.6209144e-19,1.6209144e-19,5.634785e-10,5.634785e-10,-0.11617855,-0.11617855,-1.2193393e-05,-1.2193393e-05,-1.2193393e-05,-1.2193393e-05,-2.6303346e-06,-2.6303346e-06,0.031457762,0.031457762,-0.031461246,-0.031461246,0.0099035249,0.0099035249,-0.02155476,-0.02155476,0.021554238,0.021554238,-0.0099064857,-0.0099064857,-0.011651235,-0.011651235,0.011647752,0.011647752,-0.011651235,-0.011651235,0.011647752,0.011647752,-0.019806556,-0.019806556,-0.096371998,-0.096371998,-0.019806556,-0.019806556,-0.096371998,-0.096371998,5.634893e-10,5.634893e-10,-0.11617855,-0.11617855,-0.011651235,-0.011651235,0.011651206,0.011651206,-0.019806557,-0.019806557,-1.3265474e-11,-1.3265474e-11,-1.7535564e-06,-1.7535564e-06,-1.7239316e-06,-1.7239316e-06,-2.9638009e-08,-2.9638009e-08,-7.4981272e-10,-7.4981272e-10,-0.11618382,-0.11618382,-1.1193876,-1.1193876,-7.2590579,-7.2590579,-1.2313259,-1.2313259,-3.589438,-3.589438,-0.13204371,-0.13204371,0.015865156,0.015865156,-0.0023302469,-0.0023302469,-0.020906161,-0.020906161,4.6512265,4.6512265,-4.7262086,-4.7262086,1.3050906e-05,1.3050906e-05,-1.4951198e-16,-1.4951198e-16,-3.6917271e-19,-3.6917845e-19,3.9022813e-16,3.9023479e-16,-3.8262725e-18,-3.8262725e-18,9.0210899e-16,9.0210899e-16,1.0110955e-06,4.4277092e-10,2.3678689e-10,2.3678689e-10
-0.015874671,-0.015874671,-0.01165219,-0.01165219,-0.027526862,-0.027526862,0.12783586,0.12783586,0.14371053,0.14371053,0.039934044,0.039934771,-0.0399357,-0.0399357,0.039934772,0.039934772,-0.0399357,-0.0399357,-2.3935996e-08,-2.3935996e-08,1.6228945e-19,1.6228946e-19,5.5051828e-10,5.5051828e-10,-0.11618027,-0.11618027,-1.1912945e-05,-1.1912945e-05,-1.1912945e-05,-1.1912945e-05,-2.5698369e-06,-2.5698369e-06,0.031460431,0.031460431,-0.031463834,-0.031463834,0.0099043614,0.0099043614,-0.02155658,-0.02155658,0.021556069,0.021556069,-0.0099072541,-0.0099072541,-0.011652219,-0.011652219,0.011648815,0.011648815,-0.011652219,-0.011652219,0.011648815,0.011648815,-0.01980824,-0.01980824,-0.096372027,-0.096372027,-0.01980824,-0.01980824,-0.096372027,-0.096372027,5.5052907e-10,5.5052907e-10,-0.11618027,-0.11618027,-0.011652218,-0.011652218,0.01165219,0.01165219,-0.019808241,-0.019808241,-1.2960371e-11,-1.2960371e-11,-1.7132246e-06,-1.7132246e-06,-1.6842812e-06,-1.6842812e-06,-2.8956335e-08,-2.8956335e-08,-7.3256778e-10,-7.3256778e-10,-0.11618541,-0.11618541,-1.1198101,-1.1198101,-7.2591534,-7.2591534,-1.2317906,-1.2317906,-3.5894828,-3.5894828,-0.13205494,-0.13205494,0.015874672,0.015874672,-0.0023304436,-0.0023304436,-0.020906291,-0.020906291,4.6512951,4.6512951,-4.726324,-4.726324,1.2750735e-05,1.2750735e-05,-1.4951188e-16,-1.4951188e-16,-3.6917828e-19,-3.6918373e-19,3.9022807e-16,3.9023439e-16,-3.8261781e-18,-3.8261781e-18,9.0210834e-16,9.0210834e-16,1.0009846e-06,4.3834321e-10,2.2601995e-10,2.2601995e-10
-0.015883968,-0.015883968,-0.011653152,-0.011653152,-0.027537119,-0.027537119,0.12783842,0.12783842,0.14372239,0.14372239,0.039937357,0.039938077,-0.039938984,-0.039938984,0.039938077,0.039938077,-0.039938984,-0.039938984,-2.3385468e-08,-2.3385468e-08,1.6248292e-19,1.6248292e-19,5.3785613e-10,5.3785613e-10,-0.11618194,-0.11618194,-1.1638947e-05,-1.1638947e-05,-1.1638948e-05,-1.1638948e-05,-2.5107306e-06,-2.5107306e-06,0.031463038,0.031463038,-0.031466363,-0.031466363,0.0099051786,0.0099051786,-0.021558358,-0.021558358,0.021557859,0.021557859,-0.0099080048,-0.0099080048,-0.011653179,-0.011653179,0.011649854,0.011649854,-0.011653179,-0.011653179,0.011649854,0.011649854,-0.019809886,-0.019809886,-0.096372055,-0.096372055,-0.019809886,-0.019809886,-0.096372055,-0.096372055,5.3786693e-10,5.3786693e-10,-0.11618194,-0.11618194,-0.011653179,-0.011653179,0.011653152,0.011653152,-0.019809887,-0.019809887,-1.2662286e-11,-1.2662286e-11,-1.6738204e-06,-1.6738204e-06,-1.6455428e-06,-1.6455428e-06,-2.8290339e-08,-2.8290339e-08,-7.1571948e-10,-7.1571948e-10,-0.11618696,-0.11618696,-1.1202228,-1.1202228,-7.2592466,-7.2592466,-1.2322447,-1.2322447,-3.5895266,-3.5895266,-0.13206591,-0.13206591,0.015883968,0.015883968,-0.0023306358,-0.0023306358,-0.020906418,-0.020906418,4.6513621,4.6513621,-4.7264367,-4.7264367,1.2457468e-05,1.2457468e-05,-1.4951178e-16,-1.4951178e-16,-3.6918371e-19,-3.6918889e-19,3.90228e-16,3.9023401e-16,-3.8260859e-18,-3.8260859e-18,9.0210771e-16,9.0210771e-16,9.9097474e-07,4.3395978e-10,2.157426e-10,2.157426e-10
-0.01589305,-0.01589305,-0.011654091,-0.011654091,-0.027547141,-0.027547141,0.12784092,0.12784092,0.14373397,0.14373397,0.039940594,0.039941307,-0.039942193,-0.039942193,0.039941307,0.039941307,-0.039942193,-0.039942193,-2.2847603e-08,-2.2847603e-08,1.6267193e-19,1.6267193e-19,5.2548522e-10,5.2548522e-10,-0.11618358,-0.11618358,-1.1371252e-05,-1.1371252e-05,-1.1371252e-05,-1.1371252e-05,-2.4529838e-06,-2.4529838e-06,0.031465585,0.031465585,-0.031468833,-0.031468833,0.009905977,0.009905977,-0.021560095,-0.021560095,0.021559608,0.021559608,-0.0099087382,-0.0099087382,-0.011654118,-0.011654118,0.01165087,0.01165087,-0.011654118,-0.011654118,0.01165087,0.01165087,-0.019811494,-0.019811494,-0.096372083,-0.096372083,-0.019811494,-0.019811494,-0.096372083,-0.096372083,5.2549602e-10,5.2549602e-10,-0.11618358,-0.11618358,-0.011654118,-0.011654118,0.011654091,0.011654091,-0.019811494,-0.019811494,-1.2371056e-11,-1.2371056e-11,-1.6353226e-06,-1.6353226e-06,-1.6076953e-06,-1.6076953e-06,-2.7639661e-08,-2.7639661e-08,-6.9925869e-10,-6.9925869e-10,-0.11618848,-0.11618848,-1.1206261,-1.1206261,-7.2593378,-7.2593378,-1.2326882,-1.2326882,-3.5895693,-3.5895693,-0.13207663,-0.13207663,0.015893051,0.015893051,-0.0023308235,-0.0023308235,-0.020906542,-0.020906542,4.6514276,4.6514276,-4.7265468,-4.7265468,1.2170946e-05,1.2170946e-05,-1.4951168e-16,-1.4951168e-16,-3.6918901e-19,-3.6919393e-19,3.9022792e-16,3.9023364e-16,-3.8259958e-18,-3.8259958e-18,9.0210709e-16,9.0210709e-16,9.8106499e-07,4.2962018e-10,2.0593257e-10,2.0593257e-10
-0.015901924,-0.015901924,-0.011655009,-0.011655009,-0.027556933,-0.027556933,0.12784336,0.12784336,0.14374528,0.14374528,0.039943756,0.039944462,-0.039945328,-0.039945328,0.039944462,0.039944462,-0.039945328,-0.039945328,-2.2322108e-08,-2.2322108e-08,1.6285659e-19,1.6285659e-19,5.1339884e-10,5.1339884e-10,-0.11618518,-0.11618518,-1.1109713e-05,-1.1109713e-05,-1.1109713e-05,-1.1109713e-05,-2.3965652e-06,-2.3965652e-06,0.031468073,0.031468073,-0.031471247,-0.031471247,0.0099067571,0.0099067571,-0.021561792,-0.021561792,0.021561316,0.021561316,-0.0099094548,-0.0099094548,-0.011655035,-0.011655035,0.011651861,0.011651861,-0.011655035,-0.011655035,0.011651861,0.011651861,-0.019813064,-0.019813064,-0.09637211,-0.09637211,-0.019813064,-0.019813064,-0.09637211,-0.09637211,5.1340964e-10,5.1340964e-10,-0.11618518,-0.11618518,-0.011655035,-0.011655035,0.011655009,0.011655009,-0.019813065,-0.019813065,-1.2086525e-11,-1.2086525e-11,-1.5977101e-06,-1.5977101e-06,-1.5707183e-06,-1.5707183e-06,-2.7003949e-08,-2.7003949e-08,-6.8317649e-10,-6.8317649e-10,-0.11618997,-0.11618997,-1.1210201,-1.1210201,-7.2594268,-7.2594268,-1.2331216,-1.2331216,-3.5896111,-3.5896111,-0.1320871,-0.1320871,0.015901924,0.015901924,-0.0023310069,-0.0023310069,-0.020906663,-0.020906663,4.6514916,4.6514916,-4.7266545,-4.7266545,1.1891014e-05,1.1891014e-05,-1.4951158e-16,-1.4951158e-16,-3.6919418e-19,-3.6919885e-19,3.9022784e-16,3.9023327e-16,-3.8259078e-18,-3.8259078e-18,9.0210649e-16,9.0210649e-16,9.7125434e-07,4.2532398e-10,1.9656861e-10,1.9656861e-10
-0.015910593,-0.015910593,-0.011655905,-0.011655905,-0.027566499,-0.027566499,0.12784574,0.12784574,0.14375634,0.14375634,0.039946846,0.039947545,-0.039948391,-0.039948391,0.039947545,0.039947545,-0.039948391,-0.039948391,-2.1808699e-08,-2.1808699e-08,1.6303701e-19,1.6303701e-19,5.0159044e-10,5.0159044e-10,-0.11618674,-0.11618674,-1.085419e-05,-1.085419e-05,-1.085419e-05,-1.085419e-05,-2.3414442e-06,-2.3414442e-06,0.031470504,0.031470504,-0.031473605,-0.031473605,0.0099075192,0.0099075192,-0.02156345,-0.02156345,0.021562985,0.021562985,-0.0099101548,-0.0099101548,-0.011655931,-0.011655931,0.01165283,0.01165283,-0.011655931,-0.011655931,0.01165283,0.01165283,-0.019814599,-0.019814599,-0.096372137,-0.096372137,-0.019814599,-0.019814599,-0.096372137,-0.096372137,5.0160124e-10,5.0160124e-10,-0.11618674,-0.11618674,-0.011655931,-0.011655931,0.011655905,0.011655905,-0.019814599,-0.019814599,-1.1808538e-11,-1.1808538e-11,-1.5609628e-06,-1.5609628e-06,-1.5345918e-06,-1.5345918e-06,-2.6382858e-08,-2.6382858e-08,-6.6746419e-10,-6.6746419e-10,-0.11619142,-0.11619142,-1.121405,-1.121405,-7.2595138,-7.2595138,-1.233545,-1.233545,-3.5896519,-3.5896519,-0.13209733,-0.13209733,0.015910594,0.015910594,-0.0023311861,-0.0023311861,-0.020906781,-0.020906781,4.6515541,4.6515541,-4.7267596,-4.7267596,1.1617521e-05,1.1617521e-05,-1.4951149e-16,-1.4951149e-16,-3.6919922e-19,-3.6920367e-19,3.9022776e-16,3.9023291e-16,-3.8258218e-18,-3.8258218e-18,9.021059e-16,9.021059e-16,9.615418e-07,4.2107074e-10,1.8763044e-10,1.8763044e-10
-0.015919064,-0.015919064,-0.011656781,-0.011656781,-0.027575845,-0.027575845,0.12784807,0.12784807,0.14376713,0.14376713,0.039949865,0.039950557,-0.039951384,-0.039951384,0.039950557,0.039950557,-0.039951383,-0.039951383,-2.1307099e-08,-2.1307099e-08,1.6321327e-19,1.6321327e-19,4.9005364e-10,4.9005364e-10,-0.11618826,-0.11618826,-1.0604543e-05,-1.0604543e-05,-1.0604543e-05,-1.0604543e-05,-2.287591e-06,-2.287591e-06,0.03147288,0.03147288,-0.031475909,-0.031475909,0.0099082638,0.0099082638,-0.02156507,-0.02156507,0.021564616,0.021564616,-0.0099108388,-0.0099108388,-0.011656807,-0.011656807,0.011653777,0.011653777,-0.011656807,-0.011656807,0.011653777,0.011653777,-0.019816098,-0.019816098,-0.096372162,-0.096372162,-0.019816098,-0.019816098,-0.096372162,-0.096372162,4.9006444e-10,4.9006444e-10,-0.11618826,-0.11618826,-0.011656806,-0.011656806,0.011656781,0.011656781,-0.019816099,-0.019816099,-1.1536945e-11,-1.1536945e-11,-1.5250607e-06,-1.5250607e-06,-1.4992961e-06,-1.4992961e-06,-2.5776052e-08,-2.5776052e-08,-6.5211327e-10,-6.5211327e-10,-0.11619284,-0.11619284,-1.121781,-1.121781,-7.2595988,-7.2595988,-1.2339587,-1.2339587,-3.5896918,-3.5896918,-0.13210732,-0.13210732,0.015919064,0.015919064,-0.0023313612,-0.0023313612,-0.020906897,-0.020906897,4.6516151,4.6516151,-4.7268623,-4.7268623,1.1350318e-05,1.1350318e-05,-1.495114e-16,-1.495114e-16,-3.6920414e-19,-3.6920837e-19,3.9022767e-16,3.9023256e-16,-3.8257378e-18,-3.8257378e-18,9.0210532e-16,9.0210532e-16,9.5192638e-07,4.1686004e-10,1.7909869e-10,1.7909869e-10
-0.015927339,-0.015927339,-0.011657637,-0.011657637,-0.027584976,-0.027584976,0.12785035,0.12785035,0.14377769,0.14377769,0.039952814,0.0399535,-0.039954307,-0.039954307,0.0399535,0.0399535,-0.039954307,-0.039954307,-2.0817036e-08,-2.0817036e-08,1.6338548e-19,1.6338548e-19,4.7878218e-10,4.7878218e-10,-0.11618975,-0.11618975,-1.0360639e-05,-1.0360639e-05,-1.0360639e-05,-1.0360639e-05,-2.2349764e-06,-2.2349764e-06,0.0314752,0.0314752,-0.03147816,-0.03147816,0.0099089913,0.0099089913,-0.021566653,-0.021566653,0.021566209,0.021566209,-0.0099115071,-0.0099115071,-0.011657662,-0.011657662,0.011654702,0.011654702,-0.011657662,-0.011657662,0.011654702,0.011654702,-0.019817563,-0.019817563,-0.096372187,-0.096372187,-0.019817563,-0.019817563,-0.096372187,-0.096372187,4.7879299e-10,4.7879299e-10,-0.11618975,-0.11618975,-0.011657661,-0.011657661,0.011657637,0.011657637,-0.019817564,-0.019817564,-1.1271599e-11,-1.1271599e-11,-1.4899843e-06,-1.4899843e-06,-1.4648123e-06,-1.4648123e-06,-2.5183203e-08,-2.5183203e-08,-6.3711542e-10,-6.3711542e-10,-0.11619422,-0.11619422,-1.1221484,-1.1221484,-7.2596818,-7.2596818,-1.2343629,-1.2343629,-3.5897307,-3.5897307,-0.13211709,-0.13211709,0.015927339,0.015927339,-0.0023315323,-0.0023315323,-0.02090701,-0.02090701,4.6516748,4.6516748,-4.7269627,-4.7269627,1.1089261e-05,1.1089261e-05,-1.4951131e-16,-1.4951131e-16,-3.6920895e-19,-3.6921296e-19,3.9022757e-16,3.9023222e-16,-3.8256558e-18,-3.8256558e-18,9.0210476e-16,9.0210476e-16,9.4240712e-07,4.1269143e-10,1.709549e-10,1.709549e-10
-0.015935424,-0.015935424,-0.011658473,-0.011658473,-0.027593897,-0.027593897,0.12785257,0.12785257,0.143788,0.143788,0.039955696,0.039956375,-0.039957164,-0.039957164,0.039956375,0.039956375,-0.039957163,-0.039957163,-2.0338244e-08,-2.0338244e-08,1.6355374e-19,1.6355374e-19,4.6776997e-10,4.6776997e-10,-0.11619121,-0.11619121,-1.0122344e-05,-1.0122344e-05,-1.0122344e-05,-1.0122344e-05,-2.1835719e-06,-2.1835719e-06,0.031477468,0.031477468,-0.031480359,-0.031480359,0.009909702,0.009909702,-0.021568199,-0.021568199,0.021567766,0.021567766,-0.0099121599,-0.0099121599,-0.011658497,-0.011658497,0.011655606,0.011655606,-0.011658497,-0.011658497,0.011655606,0.011655606,-0.019818994,-0.019818994,-0.096372212,-0.096372212,-0.019818994,-0.019818994,-0.096372212,-0.096372212,4.6778077e-10,4.6778077e-10,-0.11619121,-0.11619121,-0.011658497,-0.011658497,0.011658473,0.011658473,-0.019818995,-0.019818995,-1.1012355e-11,-1.1012355e-11,-1.4557146e-06,-1.4557146e-06,-1.4311217e-06,-1.4311217e-06,-2.4603989e-08,-2.4603989e-08,-6.2246252e-10,-6.2246252e-10,-0.11619557,-0.11619557,-1.1225074,-1.1225074,-7.2597629,-7.2597629,-1.2347577,-1.2347577,-3.5897687,-3.5897687,-0.13212663,-0.13212663,0.015935424,0.015935424,-0.0023316994,-0.0023316994,-0.02090712,-0.02090712,4.651733,4.651733,-4.7270608,-4.7270608,1.0834208e-05,1.0834208e-05,-1.4951122e-16,-1.4951122e-16,-3.6921363e-19,-3.6921744e-19,3.9022747e-16,3.9023189e-16,-3.8255756e-18,-3.8255756e-18,9.0210421e-16,9.0210421e-16,9.3298305e-07,4.0856452e-10,1.6318141e-10,1.6318141e-10
-0.015943323,-0.015943323,-0.01165929,-0.01165929,-0.027602613,-0.027602613,0.12785474,0.12785474,0.14379807,0.14379807,0.039958512,0.039959183,-0.039959954,-0.039959954,0.039959184,0.039959184,-0.039959954,-0.039959954,-1.9870464e-08,-1.9870464e-08,1.6371812e-19,1.6371812e-19,4.5701104e-10,4.5701104e-10,-0.11619263,-0.11619263,-9.8895301e-06,-9.8895301e-06,-9.8895301e-06,-9.8895301e-06,-2.1333498e-06,-2.1333498e-06,0.031479683,0.031479683,-0.031482508,-0.031482508,0.0099103964,0.0099103964,-0.02156971,-0.02156971,0.021569286,0.021569286,-0.0099127978,-0.0099127978,-0.011659314,-0.011659314,0.011656489,0.011656489,-0.011659314,-0.011659314,0.011656489,0.011656489,-0.019820392,-0.019820392,-0.096372236,-0.096372236,-0.019820392,-0.019820392,-0.096372236,-0.096372236,4.5702184e-10,4.5702184e-10,-0.11619263,-0.11619263,-0.011659313,-0.011659313,0.01165929,0.01165929,-0.019820393,-0.019820393,-1.0759074e-11,-1.0759074e-11,-1.4222332e-06,-1.4222332e-06,-1.3982059e-06,-1.3982059e-06,-2.4038097e-08,-2.4038097e-08,-6.0814663e-10,-6.0814663e-10,-0.1161969,-0.1161969,-1.1228581,-1.1228581,-7.2598422,-7.2598422,-1.2351435,-1.2351435,-3.5898059,-3.5898059,-0.13213595,-0.13213595,0.015943323,0.015943323,-0.0023318627,-0.0023318627,-0.020907228,-0.020907228,4.65179,4.65179,-4.7271566,-4.7271566,1.0585021e-05,1.0585021e-05,-1.4951114e-16,-1.4951114e-16,-3.6921821e-19,-3.6922183e-19,3.9022736e-16,3.9023156e-16,-3.8254972e-18,-3.8254972e-18,9.0210367e-16,9.0210367e-16,9.2365322e-07,4.0447888e-10,1.5576138e-10,1.5576138e-10
-0.01595104,-0.01595104,-0.011660088,-0.011660088,-0.027611129,-0.027611129,0.12785687,0.12785687,0.14380791,0.14380791,0.039961263,0.039961928,-0.039962681,-0.039962681,0.039961928,0.039961928,-0.039962681,-0.039962681,-1.9413444e-08,-1.9413444e-08,1.6387872e-19,1.6387872e-19,4.4649956e-10,4.4649956e-10,-0.11619402,-0.11619402,-9.6620709e-06,-9.6620709e-06,-9.6620709e-06,-9.6620709e-06,-2.0842827e-06,-2.0842827e-06,0.031481847,0.031481847,-0.031484607,-0.031484607,0.0099110748,0.0099110748,-0.021571186,-0.021571186,0.021570772,0.021570772,-0.009913421,-0.009913421,-0.011660111,-0.011660111,0.011657351,0.011657351,-0.011660111,-0.011660111,0.011657351,0.011657351,-0.019821758,-0.019821758,-0.09637226,-0.09637226,-0.019821758,-0.019821758,-0.09637226,-0.09637226,4.4651037e-10,4.4651037e-10,-0.11619402,-0.11619402,-0.011660111,-0.011660111,0.011660088,0.011660088,-0.019821759,-0.019821759,-1.0511619e-11,-1.0511619e-11,-1.3895218e-06,-1.3895218e-06,-1.3660471e-06,-1.3660471e-06,-2.3485221e-08,-2.3485221e-08,-5.9416001e-10,-5.9416001e-10,-0.11619819,-0.11619819,-1.1232007,-1.1232007,-7.2599196,-7.2599196,-1.2355204,-1.2355204,-3.5898422,-3.5898422,-0.13214506,-0.13214506,0.015951041,0.015951041,-0.0023320222,-0.0023320222,-0.020907333,-0.020907333,4.6518456,4.6518456,-4.7272502,-4.7272502,1.0341565e-05,1.0341565e-05,-1.4951105e-16,-1.4951105e-16,-3.6922267e-19,-3.6922611e-19,3.9022725e-16,3.9023124e-16,-3.8254207e-18,-3.8254207e-18,9.0210315e-16,9.0210315e-16,9.1441668e-07,4.0043409e-10,1.4867876e-10,1.4867876e-10
-0.01595858,-0.01595858,-0.011660868,-0.011660868,-0.027619449,-0.027619449,0.12785894,0.12785894,0.14381752,0.14381752,0.039963951,0.039964609,-0.039965345,-0.039965345,0.039964609,0.039964609,-0.039965344,-0.039965344,-1.8966935e-08,-1.8966935e-08,1.6403563e-19,1.6403563e-19,4.3622985e-10,4.3622985e-10,-0.11619538,-0.11619538,-9.4398432e-06,-9.4398432e-06,-9.4398432e-06,-9.4398432e-06,-2.0363442e-06,-2.0363442e-06,0.031483961,0.031483961,-0.031486658,-0.031486658,0.0099117376,0.0099117376,-0.021572628,-0.021572628,0.021572224,0.021572224,-0.0099140298,-0.0099140298,-0.011660891,-0.011660891,0.011658194,0.011658194,-0.011660891,-0.011660891,0.011658194,0.011658194,-0.019823093,-0.019823093,-0.096372283,-0.096372283,-0.019823093,-0.019823093,-0.096372283,-0.096372283,4.3624066e-10,4.3624066e-10,-0.11619538,-0.11619538,-0.01166089,-0.01166089,0.011660868,0.011660868,-0.019823094,-0.019823094,-1.0269855e-11,-1.0269855e-11,-1.3575628e-06,-1.3575628e-06,-1.334628e-06,-1.334628e-06,-2.2945061e-08,-2.2945061e-08,-5.8049509e-10,-5.8049509e-10,-0.11619945,-0.11619945,-1.1235355,-1.1235355,-7.2599953,-7.2599953,-1.2358887,-1.2358887,-3.5898777,-3.5898777,-0.13215396,-0.13215396,0.015958581,0.015958581,-0.002332178,-0.002332178,-0.020907436,-0.020907436,4.6519,4.6519,-4.7273416,-4.7273416,1.0103709e-05,1.0103709e-05,-1.4951097e-16,-1.4951097e-16,-3.6922703e-19,-3.6923029e-19,3.9022714e-16,3.9023093e-16,-3.8253459e-18,-3.8253459e-18,9.0210263e-16,9.0210263e-16,9.0527252e-07,3.9642975e-10,1.4191819e-10,1.4191819e-10
-0.015965947,-0.015965947,-0.01166163,-0.01166163,-0.027627577,-0.027627577,0.12786097,0.12786097,0.14382691,0.14382691,0.039966577,0.039967228,-0.039967947,-0.039967947,0.039967228,0.039967228,-0.039967947,-0.039967947,-1.8530695e-08,-1.8530695e-08,1.6418892e-19,1.6418892e-19,4.2619634e-10,4.2619634e-10,-0.1161967,-0.1161967,-9.2227268e-06,-9.2227268e-06,-9.2227269e-06,-9.2227269e-06,-1.9895083e-06,-1.9895083e-06,0.031486027,0.031486027,-0.031488662,-0.031488662,0.0099123852,0.0099123852,-0.021574037,-0.021574037,0.021573642,0.021573642,-0.0099146247,-0.0099146247,-0.011661652,-0.011661652,0.011659017,0.011659017,-0.011661652,-0.011661652,0.011659017,0.011659017,-0.019824397,-0.019824397,-0.096372305,-0.096372305,-0.019824397,-0.019824397,-0.096372305,-0.096372305,4.2620715e-10,4.2620715e-10,-0.1161967,-0.1161967,-0.011661651,-0.011661651,0.01166163,0.01166163,-0.019824397,-0.019824397,-1.0033651e-11,-1.0033651e-11,-1.3263389e-06,-1.3263389e-06,-1.3039316e-06,-1.3039316e-06,-2.2417325e-08,-2.2417325e-08,-5.6714446e-10,-5.6714446e-10,-0.11620068,-0.11620068,-1.1238625,-1.1238625,-7.2600692,-7.2600692,-1.2362484,-1.2362484,-3.5899124,-3.5899124,-0.13216265,-0.13216265,0.015965947,0.015965947,-0.0023323303,-0.0023323303,-0.020907537,-0.020907537,4.6519531,4.6519531,-4.727431,-4.727431,9.8713241e-06,9.8713241e-06,-1.4951089e-16,-1.4951089e-16,-3.6923128e-19,-3.6923438e-19,3.9022703e-16,3.9023063e-16,-3.8252728e-18,-3.8252728e-18,9.0210213e-16,9.0210213e-16,8.9621979e-07,3.9246545e-10,1.3546502e-10,1.3546502e-10
-0.015973144,-0.015973144,-0.011662374,-0.011662374,-0.027635518,-0.027635518,0.12786295,0.12786295,0.14383609,0.14383609,0.039969142,0.039969787,-0.03997049,-0.03997049,0.039969788,0.039969788,-0.03997049,-0.03997049,-1.8104489e-08,-1.8104489e-08,1.643387e-19,1.643387e-19,4.163936e-10,4.163936e-10,-0.116198,-0.116198,-9.0106041e-06,-9.0106041e-06,-9.0106041e-06,-9.0106041e-06,-1.9437496e-06,-1.9437496e-06,0.031488045,0.031488045,-0.031490619,-0.031490619,0.0099130179,0.0099130179,-0.021575414,-0.021575414,0.021575027,0.021575027,-0.0099152059,-0.0099152059,-0.011662396,-0.011662396,0.011659822,0.011659822,-0.011662396,-0.011662396,0.011659822,0.011659822,-0.019825671,-0.019825671,-0.096372327,-0.096372327,-0.019825671,-0.019825671,-0.096372327,-0.096372327,4.1640441e-10,4.1640441e-10,-0.116198,-0.116198,-0.011662395,-0.011662395,0.011662374,0.011662374,-0.019825671,-0.019825671,-9.8028802e-12,-9.8028802e-12,-1.2958331e-06,-1.2958331e-06,-1.2739412e-06,-1.2739412e-06,-2.1901726e-08,-2.1901726e-08,-5.5410089e-10,-5.5410089e-10,-0.11620189,-0.11620189,-1.1241821,-1.1241821,-7.2601414,-7.2601414,-1.2365999,-1.2365999,-3.5899463,-3.5899463,-0.13217114,-0.13217114,0.015973144,0.015973144,-0.0023324791,-0.0023324791,-0.020907635,-0.020907635,4.6520049,4.6520049,-4.7275183,-4.7275183,9.6442837e-06,9.6442837e-06,-1.4951082e-16,-1.4951082e-16,-3.6923543e-19,-3.6923838e-19,3.9022691e-16,3.9023033e-16,-3.8252015e-18,-3.8252015e-18,9.0210164e-16,9.0210164e-16,8.8725759e-07,3.8854079e-10,1.2930529e-10,1.2930529e-10
-0.015980175,-0.015980175,-0.011663102,-0.011663102,-0.027643277,-0.027643277,0.12786488,0.12786488,0.14384506,0.14384506,0.039971649,0.039972288,-0.039972974,-0.039972974,0.039972288,0.039972288,-0.039972974,-0.039972974,-1.7688086e-08,-1.7688086e-08,1.6448502e-19,1.6448502e-19,4.0681632e-10,4.0681632e-10,-0.11619926,-0.11619926,-8.8033602e-06,-8.8033602e-06,-8.8033602e-06,-8.8033602e-06,-1.8990434e-06,-1.8990434e-06,0.031490017,0.031490017,-0.031492532,-0.031492532,0.009913636,0.009913636,-0.021576758,-0.021576758,0.021576381,0.021576381,-0.0099157737,-0.0099157737,-0.011663122,-0.011663122,0.011660608,0.011660608,-0.011663122,-0.011663122,0.011660608,0.011660608,-0.019826916,-0.019826916,-0.096372348,-0.096372348,-0.019826916,-0.019826916,-0.096372348,-0.096372348,4.0682714e-10,4.0682714e-10,-0.11619926,-0.11619926,-0.011663122,-0.011663122,0.011663102,0.011663102,-0.019826916,-0.019826916,-9.5774172e-12,-9.5774172e-12,-1.2660289e-06,-1.2660289e-06,-1.2446405e-06,-1.2446405e-06,-2.1397986e-08,-2.1397986e-08,-5.4135732e-10,-5.4135732e-10,-0.11620306,-0.11620306,-1.1244943,-1.1244943,-7.260212,-7.260212,-1.2369433,-1.2369433,-3.5899794,-3.5899794,-0.13217944,-0.13217944,0.015980176,0.015980176,-0.0023326244,-0.0023326244,-0.020907731,-0.020907731,4.6520556,4.6520556,-4.7276036,-4.7276036,9.4224652e-06,9.4224652e-06,-1.4951074e-16,-1.4951074e-16,-3.6923948e-19,-3.6924228e-19,3.9022679e-16,3.9023004e-16,-3.8251317e-18,-3.8251317e-18,9.0210117e-16,9.0210117e-16,8.7838502e-07,3.8465539e-10,1.2342565e-10,1.2342565e-10
-0.015987045,-0.015987045,-0.011663812,-0.011663812,-0.027650857,-0.027650857,0.12786677,0.12786677,0.14385382,0.14385382,0.039974098,0.039974731,-0.039975401,-0.039975401,0.039974731,0.039974731,-0.039975401,-0.039975401,-1.728126e-08,-1.728126e-08,1.6462799e-19,1.6462799e-19,3.9745933e-10,3.9745933e-10,-0.1162005,-0.1162005,-8.6008829e-06,-8.6008829e-06,-8.600883e-06,-8.600883e-06,-1.8553654e-06,-1.8553654e-06,0.031491944,0.031491944,-0.031494401,-0.031494401,0.0099142399,0.0099142399,-0.021578072,-0.021578072,0.021577704,0.021577704,-0.0099163284,-0.0099163284,-0.011663832,-0.011663832,0.011661375,0.011661375,-0.011663832,-0.011663832,0.011661375,0.011661375,-0.019828132,-0.019828132,-0.096372369,-0.096372369,-0.019828132,-0.019828132,-0.096372369,-0.096372369,3.9747014e-10,3.9747014e-10,-0.1162005,-0.1162005,-0.011663832,-0.011663832,0.011663812,0.011663812,-0.019828132,-0.019828132,-9.3571397e-12,-9.3571397e-12,-1.2369103e-06,-1.2369103e-06,-1.2160138e-06,-1.2160138e-06,-2.0905833e-08,-2.0905833e-08,-5.2890686e-10,-5.2890686e-10,-0.11620421,-0.11620421,-1.1247993,-1.1247993,-7.2602809,-7.2602809,-1.2372789,-1.2372789,-3.5900117,-3.5900117,-0.13218755,-0.13218755,0.015987046,0.015987046,-0.0023327664,-0.0023327664,-0.020907825,-0.020907825,4.6521051,4.6521051,-4.7276869,-4.7276869,9.2057485e-06,9.2057485e-06,-1.4951067e-16,-1.4951067e-16,-3.6924343e-19,-3.6924609e-19,3.9022667e-16,3.9022975e-16,-3.8250636e-18,-3.8250636e-18,9.021007e-16,9.021007e-16,8.6960117e-07,3.8080883e-10,1.1781337e-10,1.1781337e-10
-0.015993757,-0.015993757,-0.011664506,-0.011664506,-0.027658263,-0.027658263,0.12786862,0.12786862,0.14386237,0.14386237,0.039976491,0.039977117,-0.039977772,-0.039977772,0.039977118,0.039977118,-0.039977772,-0.039977772,-1.6883791e-08,-1.6883791e-08,1.6476766e-19,1.6476766e-19,3.8831754e-10,3.8831754e-10,-0.11620171,-0.11620171,-8.4030626e-06,-8.4030626e-06,-8.4030626e-06,-8.4030626e-06,-1.812692e-06,-1.812692e-06,0.031493826,0.031493826,-0.031496226,-0.031496226,0.0099148299,0.0099148299,-0.021579356,-0.021579356,0.021578996,0.021578996,-0.0099168704,-0.0099168704,-0.011664526,-0.011664526,0.011662126,0.011662126,-0.011664526,-0.011664526,0.011662126,0.011662126,-0.01982932,-0.01982932,-0.09637239,-0.09637239,-0.01982932,-0.01982932,-0.09637239,-0.09637239,3.8832835e-10,3.8832835e-10,-0.11620171,-0.11620171,-0.011664526,-0.011664526,0.011664506,0.011664506,-0.01982932,-0.01982932,-9.1419287e-12,-9.1419287e-12,-1.2084613e-06,-1.2084613e-06,-1.1880455e-06,-1.1880455e-06,-2.0424999e-08,-2.0424999e-08,-5.1674276e-10,-5.1674276e-10,-0.11620534,-0.11620534,-1.1250973,-1.1250973,-7.2603482,-7.2603482,-1.2376067,-1.2376067,-3.5900433,-3.5900433,-0.13219547,-0.13219547,0.015993757,0.015993757,-0.0023329051,-0.0023329051,-0.020907917,-0.020907917,4.6521535,4.6521535,-4.7277683,-4.7277683,8.9940162e-06,8.9940162e-06,-1.4951059e-16,-1.4951059e-16,-3.6924729e-19,-3.6924981e-19,3.9022654e-16,3.9022948e-16,-3.824997e-18,-3.824997e-18,9.0210024e-16,9.0210024e-16,8.6090516e-07,3.7700074e-10,1.1245627e-10,1.1245627e-10
-0.016000314,-0.016000314,-0.011665184,-0.011665184,-0.027665499,-0.027665499,0.12787042,0.12787042,0.14387073,0.14387073,0.039978829,0.039979449,-0.039980089,-0.039980089,0.039979449,0.039979449,-0.039980089,-0.039980089,-1.6495464e-08,-1.6495464e-08,1.6490412e-19,1.6490412e-19,3.7938601e-10,3.7938601e-10,-0.11620289,-0.11620289,-8.2097922e-06,-8.2097922e-06,-8.2097922e-06,-8.2097922e-06,-1.7710001e-06,-1.7710001e-06,0.031495665,0.031495665,-0.03149801,-0.03149801,0.0099154064,0.0099154064,-0.02158061,-0.02158061,0.021580258,0.021580258,-0.0099173999,-0.0099173999,-0.011665204,-0.011665204,0.011662858,0.011662858,-0.011665204,-0.011665204,0.011662858,0.011662858,-0.01983048,-0.01983048,-0.09637241,-0.09637241,-0.01983048,-0.01983048,-0.09637241,-0.09637241,3.7939683e-10,3.7939683e-10,-0.11620289,-0.11620289,-0.011665203,-0.011665203,0.011665184,0.011665184,-0.019830481,-0.019830481,-8.9316675e-12,-8.9316675e-12,-1.1806667e-06,-1.1806667e-06,-1.1607204e-06,-1.1607204e-06,-1.9955224e-08,-1.9955224e-08,-5.0485843e-10,-5.0485843e-10,-0.11620643,-0.11620643,-1.1253884,-1.1253884,-7.260414,-7.260414,-1.2379269,-1.2379269,-3.5900741,-3.5900741,-0.1322032,-0.1322032,0.016000315,0.016000315,-0.0023330407,-0.0023330407,-0.020908006,-0.020908006,4.6522008,4.6522008,-4.7278478,-4.7278478,8.7871539e-06,8.7871539e-06,-1.4951052e-16,-1.4951052e-16,-3.6925105e-19,-3.6925345e-19,3.9022642e-16,3.9022921e-16,-3.824932e-18,-3.824932e-18,9.020998e-16,9.020998e-16,8.522961e-07,3.7323074e-10,1.0734277e-10,1.0734277e-10
-0.016006721,-0.016006721,-0.011665847,-0.011665847,-0.027672568,-0.027672568,0.12787218,0.12787218,0.1438789,0.1438789,0.039981114,0.039981727,-0.039982352,-0.039982352,0.039981727,0.039981727,-0.039982352,-0.039982352,-1.6116068e-08,-1.6116068e-08,1.6503744e-19,1.6503744e-19,3.7065991e-10,3.7065991e-10,-0.11620404,-0.11620404,-8.020967e-06,-8.020967e-06,-8.020967e-06,-8.020967e-06,-1.7302671e-06,-1.7302671e-06,0.031497461,0.031497461,-0.031499753,-0.031499753,0.0099159696,0.0099159696,-0.021581835,-0.021581835,0.021581492,0.021581492,-0.0099179172,-0.0099179172,-0.011665866,-0.011665866,0.011663575,0.011663575,-0.011665866,-0.011665866,0.011663575,0.011663575,-0.019831614,-0.019831614,-0.096372429,-0.096372429,-0.019831614,-0.019831614,-0.096372429,-0.096372429,3.7067073e-10,3.7067073e-10,-0.11620404,-0.11620404,-0.011665866,-0.011665866,0.011665847,0.011665847,-0.019831615,-0.019831615,-8.7262423e-12,-8.7262423e-12,-1.1535114e-06,-1.1535114e-06,-1.1340239e-06,-1.1340239e-06,-1.9496253e-08,-1.9496253e-08,-4.9324744e-10,-4.9324744e-10,-0.1162075,-0.1162075,-1.1256728,-1.1256728,-7.2604783,-7.2604783,-1.2382398,-1.2382398,-3.5901043,-3.5901043,-0.13221076,-0.13221076,0.016006721,0.016006721,-0.0023331731,-0.0023331731,-0.020908094,-0.020908094,4.652247,4.652247,-4.7279256,-4.7279256,8.5850493e-06,8.5850493e-06,-1.4951045e-16,-1.4951045e-16,-3.6925473e-19,-3.6925701e-19,3.9022629e-16,3.9022894e-16,-3.8248685e-18,-3.8248685e-18,9.0209936e-16,9.0209936e-16,8.4377314e-07,3.6949843e-10,1.0246179e-10,1.0246179e-10
-0.01601298,-0.01601298,-0.011666494,-0.011666494,-0.027679474,-0.027679474,0.1278739,0.1278739,0.14388688,0.14388688,0.039983346,0.039983953,-0.039984564,-0.039984564,0.039983953,0.039983953,-0.039984564,-0.039984564,-1.5745398e-08,-1.5745398e-08,1.651677e-19,1.651677e-19,3.6213451e-10,3.6213451e-10,-0.11620517,-0.11620517,-7.8364847e-06,-7.8364847e-06,-7.8364847e-06,-7.8364847e-06,-1.6904709e-06,-1.6904709e-06,0.031499217,0.031499217,-0.031501455,-0.031501455,0.0099165198,0.0099165198,-0.021583033,-0.021583033,0.021582697,0.021582697,-0.0099184227,-0.0099184227,-0.011666513,-0.011666513,0.011664274,0.011664274,-0.011666513,-0.011666513,0.011664274,0.011664274,-0.019832722,-0.019832722,-0.096372448,-0.096372448,-0.019832722,-0.019832722,-0.096372448,-0.096372448,3.6214533e-10,3.6214533e-10,-0.11620517,-0.11620517,-0.011666512,-0.011666512,0.011666494,0.011666494,-0.019832723,-0.019832723,-8.525542e-12,-8.525542e-12,-1.1269806e-06,-1.1269806e-06,-1.1079413e-06,-1.1079413e-06,-1.904784e-08,-1.904784e-08,-4.819035e-10,-4.819035e-10,-0.11620855,-0.11620855,-1.1259507,-1.1259507,-7.2605411,-7.2605411,-1.2385455,-1.2385455,-3.5901337,-3.5901337,-0.13221815,-0.13221815,0.016012981,0.016012981,-0.0023333025,-0.0023333025,-0.020908179,-0.020908179,4.6522921,4.6522921,-4.7280015,-4.7280015,8.3875932e-06,8.3875932e-06,-1.4951039e-16,-1.4951039e-16,-3.6925831e-19,-3.6926048e-19,3.9022617e-16,3.9022868e-16,-3.8248064e-18,-3.8248064e-18,9.0209893e-16,9.0209893e-16,8.3533541e-07,3.6580345e-10,9.7802751e-11,9.7802751e-11
-0.016019096,-0.016019096,-0.011667127,-0.011667127,-0.027686222,-0.027686222,0.12787559,0.12787559,0.14389468,0.14389468,0.039985526,0.039986127,-0.039986724,-0.039986724,0.039986128,0.039986128,-0.039986724,-0.039986724,-1.5383254e-08,-1.5383254e-08,1.6529496e-19,1.6529496e-19,3.5380519e-10,3.5380519e-10,-0.11620627,-0.11620627,-7.6562456e-06,-7.6562456e-06,-7.6562456e-06,-7.6562456e-06,-1.6515901e-06,-1.6515901e-06,0.031500931,0.031500931,-0.031503119,-0.031503119,0.0099170574,0.0099170574,-0.021584202,-0.021584202,0.021583874,0.021583874,-0.0099189165,-0.0099189165,-0.011667145,-0.011667145,0.011664958,0.011664958,-0.011667145,-0.011667145,0.011664958,0.011664958,-0.019833805,-0.019833805,-0.096372467,-0.096372467,-0.019833805,-0.019833805,-0.096372467,-0.096372467,3.5381601e-10,3.5381601e-10,-0.11620627,-0.11620627,-0.011667144,-0.011667144,0.011667127,0.011667127,-0.019833805,-0.019833805,-8.3294577e-12,-8.3294577e-12,-1.1010601e-06,-1.1010601e-06,-1.0824587e-06,-1.0824587e-06,-1.8609739e-08,-1.8609739e-08,-4.7082048e-10,-4.7082048e-10,-0.11620958,-0.11620958,-1.1262222,-1.1262222,-7.2606025,-7.2606025,-1.2388442,-1.2388442,-3.5901625,-3.5901625,-0.13222537,-0.13222537,0.016019096,0.016019096,-0.0023334289,-0.0023334289,-0.020908263,-0.020908263,4.6523362,4.6523362,-4.7280757,-4.7280757,8.1946785e-06,8.1946785e-06,-1.4951032e-16,-1.4951032e-16,-3.6926182e-19,-3.6926387e-19,3.9022604e-16,3.9022843e-16,-3.8247457e-18,-3.8247457e-18,9.0209852e-16,9.0209852e-16,8.2698206e-07,3.6214541e-10,9.3355562e-11,9.3355562e-11
-0.01602507,-0.01602507,-0.011667745,-0.011667745,-0.027692815,-0.027692815,0.12787723,0.12787723,0.1439023,0.1439023,0.039987657,0.039988252,-0.039988835,-0.039988835,0.039988252,0.039988252,-0.039988835,-0.039988835,-1.5029439e-08,-1.5029439e-08,1.6541929e-19,1.6541929e-19,3.4566745e-10,3.4566745e-10,-0.11620735,-0.11620735,-7.4801519e-06,-7.4801519e-06,-7.4801519e-06,-7.4801519e-06,-1.6136035e-06,-1.6136035e-06,0.031502607,0.031502607,-0.031504744,-0.031504744,0.0099175826,0.0099175826,-0.021585345,-0.021585345,0.021585024,0.021585024,-0.0099193989,-0.0099193989,-0.011667762,-0.011667762,0.011665625,0.011665625,-0.011667762,-0.011667762,0.011665625,0.011665625,-0.019834862,-0.019834862,-0.096372485,-0.096372485,-0.019834862,-0.019834862,-0.096372485,-0.096372485,3.4567827e-10,3.4567827e-10,-0.11620735,-0.11620735,-0.011667762,-0.011667762,0.011667745,0.011667745,-0.019834863,-0.019834863,-8.1378833e-12,-8.1378833e-12,-1.0757357e-06,-1.0757357e-06,-1.0575621e-06,-1.0575621e-06,-1.8181715e-08,-1.8181715e-08,-4.5999236e-10,-4.5999236e-10,-0.11621057,-0.11621057,-1.1264875,-1.1264875,-7.2606624,-7.2606624,-1.239136,-1.239136,-3.5901906,-3.5901906,-0.13223242,-0.13223242,0.01602507,0.01602507,-0.0023335524,-0.0023335524,-0.020908344,-0.020908344,4.6523792,4.6523792,-4.7281482,-4.7281482,8.0062009e-06,8.0062009e-06,-1.4951026e-16,-1.4951026e-16,-3.6926523e-19,-3.6926719e-19,3.9022591e-16,3.9022818e-16,-3.8246865e-18,-3.8246865e-18,9.0209811e-16,9.0209811e-16,8.1871224e-07,3.5852396e-10,8.9110592e-11,8.9110592e-11
-0.016030907,-0.016030907,-0.011668348,-0.011668348,-0.027699256,-0.027699256,0.12787883,0.12787883,0.14390974,0.14390974,0.039989738,0.039990328,-0.039990897,-0.039990897,0.039990328,0.039990328,-0.039990897,-0.039990897,-1.4683762e-08,-1.4683762e-08,1.6554077e-19,1.6554077e-19,3.3771688e-10,3.3771688e-10,-0.1162084,-0.1162084,-7.3081084e-06,-7.3081084e-06,-7.3081084e-06,-7.3081084e-06,-1.5764906e-06,-1.5764906e-06,0.031504244,0.031504244,-0.031506332,-0.031506332,0.0099180957,0.0099180957,-0.021586461,-0.021586461,0.021586148,0.021586148,-0.0099198703,-0.0099198703,-0.011668366,-0.011668366,0.011666278,0.011666278,-0.011668366,-0.011668366,0.011666278,0.011666278,-0.019835896,-0.019835896,-0.096372503,-0.096372503,-0.019835896,-0.019835896,-0.096372503,-0.096372503,3.377277e-10,3.377277e-10,-0.1162084,-0.1162084,-0.011668365,-0.011668365,0.011668348,0.011668348,-0.019835896,-0.019835896,-7.9507152e-12,-7.9507152e-12,-1.0509938e-06,-1.0509938e-06,-1.0332382e-06,-1.0332382e-06,-1.7763536e-08,-1.7763536e-08,-4.4941329e-10,-4.4941329e-10,-0.11621155,-0.11621155,-1.1267467,-1.1267467,-7.260721,-7.260721,-1.239421,-1.239421,-3.5902181,-3.5902181,-0.13223931,-0.13223931,0.016030908,0.016030908,-0.002333673,-0.002333673,-0.020908424,-0.020908424,4.6524213,4.6524213,-4.728219,-4.728219,7.8220583e-06,7.8220583e-06,-1.4951019e-16,-1.4951019e-16,-3.6926857e-19,-3.6927043e-19,3.9022578e-16,3.9022794e-16,-3.8246286e-18,-3.8246286e-18,9.0209771e-16,9.0209771e-16,8.1052511e-07,3.5493872e-10,8.5058644e-11,8.5058644e-11
-0.01603661,-0.01603661,-0.011668938,-0.011668938,-0.027705548,-0.027705548,0.1278804,0.1278804,0.14391701,0.14391701,0.039991772,0.039992356,-0.039992912,-0.039992912,0.039992356,0.039992356,-0.039992912,-0.039992912,-1.4346036e-08,-1.4346036e-08,1.6565945e-19,1.6565945e-19,3.2994917e-10,3.2994917e-10,-0.11620943,-0.11620943,-7.1400219e-06,-7.1400219e-06,-7.140022e-06,-7.140022e-06,-1.5402314e-06,-1.5402314e-06,0.031505843,0.031505843,-0.031507883,-0.031507883,0.0099185971,0.0099185971,-0.021587552,-0.021587552,0.021587246,0.021587246,-0.0099203308,-0.0099203308,-0.011668955,-0.011668955,0.011666915,0.011666915,-0.011668955,-0.011668955,0.011666915,0.011666915,-0.019836905,-0.019836905,-0.09637252,-0.09637252,-0.019836905,-0.019836905,-0.09637252,-0.09637252,3.2995999e-10,3.2995999e-10,-0.11620943,-0.11620943,-0.011668955,-0.011668955,0.011668938,0.011668938,-0.019836905,-0.019836905,-7.7678519e-12,-7.7678519e-12,-1.0268209e-06,-1.0268209e-06,-1.0094737e-06,-1.0094737e-06,-1.7354974e-08,-1.7354974e-08,-4.3907754e-10,-4.3907754e-10,-0.11621251,-0.11621251,-1.1269999,-1.1269999,-7.2607782,-7.2607782,-1.2396996,-1.2396996,-3.590245,-3.590245,-0.13224604,-0.13224604,0.016036611,0.016036611,-0.0023337909,-0.0023337909,-0.020908502,-0.020908502,4.6524624,4.6524624,-4.7282881,-4.7282881,7.642151e-06,7.642151e-06,-1.4951013e-16,-1.4951013e-16,-3.6927183e-19,-3.6927359e-19,3.9022566e-16,3.902277e-16,-3.824572e-18,-3.824572e-18,9.0209733e-16,9.0209733e-16,8.0241986e-07,3.5138933e-10,8.1190942e-11,8.1190942e-11
-0.016042182,-0.016042182,-0.011669514,-0.011669514,-0.027711696,-0.027711696,0.12788194,0.12788194,0.14392412,0.14392412,0.039993759,0.039994337,-0.039994881,-0.039994881,0.039994337,0.039994337,-0.039994881,-0.039994881,-1.4016077e-08,-1.4016077e-08,1.657754e-19,1.657754e-19,3.2236011e-10,3.2236011e-10,-0.11621043,-0.11621043,-6.9758014e-06,-6.9758014e-06,-6.9758014e-06,-6.9758014e-06,-1.504806e-06,-1.504806e-06,0.031507406,0.031507406,-0.031509398,-0.031509398,0.0099190869,0.0099190869,-0.021588618,-0.021588618,0.021588319,0.021588319,-0.0099207808,-0.0099207808,-0.011669531,-0.011669531,0.011667538,0.011667538,-0.011669531,-0.011669531,0.011667538,0.011667538,-0.019837891,-0.019837891,-0.096372537,-0.096372537,-0.019837891,-0.019837891,-0.096372537,-0.096372537,3.2237093e-10,3.2237093e-10,-0.11621043,-0.11621043,-0.01166953,-0.01166953,0.011669514,0.011669514,-0.019837892,-0.019837892,-7.5891945e-12,-7.5891945e-12,-1.003204e-06,-1.003204e-06,-9.862558e-07,-9.862558e-07,-1.695581e-08,-1.695581e-08,-4.2897951e-10,-4.2897951e-10,-0.11621344,-0.11621344,-1.1272472,-1.1272472,-7.2608341,-7.2608341,-1.2399717,-1.2399717,-3.5902712,-3.5902712,-0.13225261,-0.13225261,0.016042182,0.016042182,-0.0023339061,-0.0023339061,-0.020908578,-0.020908578,4.6525026,4.6525026,-4.7283557,-4.7283557,7.4663815e-06,7.4663815e-06,-1.4951007e-16,-1.4951007e-16,-3.6927501e-19,-3.6927669e-19,3.9022553e-16,3.9022747e-16,-3.8245168e-18,-3.8245168e-18,9.0209695e-16,9.0209695e-16,7.9439566e-07,3.4787544e-10,7.7499109e-11,7.7499109e-11
-0.016047626,-0.016047626,-0.011670077,-0.011670077,-0.027717703,-0.027717703,0.12788343,0.12788343,0.14393106,0.14393106,0.039995701,0.039996273,-0.039996804,-0.039996804,0.039996273,0.039996273,-0.039996804,-0.039996804,-1.3693707e-08,-1.3693707e-08,1.6588868e-19,1.6588868e-19,3.1494561e-10,3.1494561e-10,-0.11621141,-0.11621141,-6.815358e-06,-6.815358e-06,-6.815358e-06,-6.815358e-06,-1.4701955e-06,-1.4701955e-06,0.031508932,0.031508932,-0.031510879,-0.031510879,0.0099195654,0.0099195654,-0.021589659,-0.021589659,0.021589367,0.021589367,-0.0099212203,-0.0099212203,-0.011670093,-0.011670093,0.011668146,0.011668146,-0.011670093,-0.011670093,0.011668146,0.011668146,-0.019838855,-0.019838855,-0.096372554,-0.096372554,-0.019838855,-0.019838855,-0.096372554,-0.096372554,3.1495643e-10,3.1495643e-10,-0.11621141,-0.11621141,-0.011670093,-0.011670093,0.011670077,0.011670077,-0.019838855,-0.019838855,-7.4146462e-12,-7.4146462e-12,-9.8013033e-07,-9.8013033e-07,-9.6357192e-07,-9.6357192e-07,-1.6565826e-08,-1.6565826e-08,-4.1911374e-10,-4.1911374e-10,-0.11621435,-0.11621435,-1.1274889,-1.1274889,-7.2608887,-7.2608887,-1.2402375,-1.2402375,-3.5902968,-3.5902968,-0.13225903,-0.13225903,0.016047626,0.016047626,-0.0023340186,-0.0023340186,-0.020908652,-0.020908652,4.6525418,4.6525418,-4.7284218,-4.7284218,7.2946547e-06,7.2946547e-06,-1.4951001e-16,-1.4951001e-16,-3.6927811e-19,-3.6927971e-19,3.902254e-16,3.9022725e-16,-3.8244628e-18,-3.8244628e-18,9.0209658e-16,9.0209658e-16,7.8645171e-07,3.4439668e-10,7.3975147e-11,7.3975147e-11
-0.016052944,-0.016052944,-0.011670627,-0.011670627,-0.027723572,-0.027723571,0.1278849,0.1278849,0.14393784,0.14393784,0.039997598,0.039998164,-0.039998683,-0.039998683,0.039998164,0.039998164,-0.039998683,-0.039998683,-1.3378752e-08,-1.3378752e-08,1.6599936e-19,1.6599936e-19,3.0770164e-10,3.0770164e-10,-0.11621237,-0.11621237,-6.6586048e-06,-6.6586048e-06,-6.6586048e-06,-6.6586048e-06,-1.436381e-06,-1.436381e-06,0.031510424,0.031510424,-0.031512326,-0.031512326,0.0099200329,0.0099200329,-0.021590676,-0.021590676,0.021590391,0.021590391,-0.0099216498,-0.0099216498,-0.011670643,-0.011670643,0.011668741,0.011668741,-0.011670643,-0.011670643,0.011668741,0.011668741,-0.019839796,-0.019839796,-0.09637257,-0.09637257,-0.019839796,-0.019839796,-0.09637257,-0.09637257,3.0771246e-10,3.0771246e-10,-0.11621237,-0.11621237,-0.011670643,-0.011670643,0.011670627,0.011670627,-0.019839797,-0.019839797,-7.2441125e-12,-7.2441125e-12,-9.5758734e-07,-9.5758734e-07,-9.4140977e-07,-9.4140977e-07,-1.6184812e-08,-1.6184812e-08,-4.0947488e-10,-4.0947488e-10,-0.11621524,-0.11621524,-1.127725,-1.127725,-7.2609421,-7.2609421,-1.2404973,-1.2404973,-3.5903218,-3.5903218,-0.13226531,-0.13226531,0.016052945,0.016052945,-0.0023341285,-0.0023341285,-0.020908725,-0.020908725,4.6525802,4.6525802,-4.7284863,-4.7284863,7.1268777e-06,7.1268777e-06,-1.4950996e-16,-1.4950996e-16,-3.6928114e-19,-3.6928266e-19,3.9022527e-16,3.9022703e-16,-3.82441e-18,-3.82441e-18,9.0209622e-16,9.0209622e-16,7.7858719e-07,3.4095272e-10,7.0611423e-11,7.0611423e-11
-0.01605814,-0.01605814,-0.011671165,-0.011671165,-0.027729305,-0.027729305,0.12788632,0.12788632,0.14394447,0.14394447,0.039999451,0.040000011,-0.040000519,-0.040000519,0.040000012,0.040000012,-0.040000519,-0.040000519,-1.3071041e-08,-1.3071041e-08,1.6610749e-19,1.6610749e-19,3.0062428e-10,3.0062428e-10,-0.1162133,-0.1162133,-6.5054568e-06,-6.5054568e-06,-6.5054569e-06,-6.5054569e-06,-1.4033442e-06,-1.4033442e-06,0.031511881,0.031511881,-0.031513739,-0.031513739,0.0099204897,0.0099204897,-0.02159167,-0.02159167,0.021591391,0.021591391,-0.0099220694,-0.0099220694,-0.01167118,-0.01167118,0.011669322,0.011669322,-0.01167118,-0.01167118,0.011669322,0.011669322,-0.019840716,-0.019840716,-0.096372586,-0.096372586,-0.019840716,-0.019840716,-0.096372586,-0.096372586,3.006351e-10,3.006351e-10,-0.1162133,-0.1162133,-0.01167118,-0.01167118,0.011671165,0.011671165,-0.019840716,-0.019840716,-7.0775011e-12,-7.0775011e-12,-9.3556283e-07,-9.3556283e-07,-9.1975734e-07,-9.1975734e-07,-1.5812561e-08,-1.5812561e-08,-4.0005771e-10,-4.0005771e-10,-0.11621611,-0.11621611,-1.1279557,-1.1279557,-7.2609942,-7.2609942,-1.2407511,-1.2407511,-3.5903463,-3.5903463,-0.13227144,-0.13227144,0.016058141,0.016058141,-0.002334236,-0.002334236,-0.020908796,-0.020908796,4.6526176,4.6526176,-4.7285493,-4.7285493,6.9629595e-06,6.9629595e-06,-1.495099e-16,-1.495099e-16,-3.692841e-19,-3.6928554e-19,3.9022515e-16,3.9022681e-16,-3.8243585e-18,-3.8243585e-18,9.0209586e-16,9.0209586e-16,7.7080132e-07,3.3754319e-10,6.7400651e-11,6.7400651e-11
-0.016063217,-0.016063217,-0.01167169,-0.01167169,-0.027734907,-0.027734907,0.12788772,0.12788772,0.14395094,0.14395094,0.040001262,0.040001817,-0.040002312,-0.040002312,0.040001817,0.040001817,-0.040002312,-0.040002312,-1.2770407e-08,-1.2770407e-08,1.6621314e-19,1.6621314e-19,2.937097e-10,2.937097e-10,-0.11621422,-0.11621422,-6.3558313e-06,-6.3558313e-06,-6.3558314e-06,-6.3558314e-06,-1.3710673e-06,-1.3710673e-06,0.031513304,0.031513304,-0.03151512,-0.03151512,0.009920936,0.009920936,-0.021592641,-0.021592641,0.021592368,0.021592368,-0.0099224793,-0.0099224793,-0.011671705,-0.011671705,0.011669889,0.011669889,-0.011671705,-0.011671705,0.011669889,0.011669889,-0.019841615,-0.019841615,-0.096372601,-0.096372601,-0.019841615,-0.019841615,-0.096372601,-0.096372601,2.9372052e-10,2.9372052e-10,-0.11621422,-0.11621422,-0.011671704,-0.011671704,0.01167169,0.01167169,-0.019841615,-0.019841615,-6.9147217e-12,-6.9147217e-12,-9.1404488e-07,-9.1404488e-07,-8.9860292e-07,-8.9860292e-07,-1.5448873e-08,-1.5448873e-08,-3.9085714e-10,-3.9085714e-10,-0.11621696,-0.11621696,-1.1281811,-1.1281811,-7.2610452,-7.2610452,-1.240999,-1.240999,-3.5903702,-3.5903702,-0.13227743,-0.13227743,0.016063217,0.016063217,-0.0023343409,-0.0023343409,-0.020908865,-0.020908865,4.6526542,4.6526542,-4.7286109,-4.7286109,6.8028114e-06,6.8028114e-06,-1.4950985e-16,-1.4950985e-16,-3.6928699e-19,-3.6928836e-19,3.9022502e-16,3.902266e-16,-3.8243081e-18,-3.8243081e-18,9.0209552e-16,9.0209552e-16,7.6309331e-07,3.3416776e-10,6.4335876e-11,6.4335876e-11
-0.016068177,-0.016068177,-0.011672203,-0.011672203,-0.027740379,-0.027740379,0.12788909,0.12788909,0.14395726,0.14395726,0.040003031,0.04000358,-0.040004064,-0.040004064,0.040003581,0.040003581,-0.040004064,-0.040004064,-1.2476687e-08,-1.2476687e-08,1.6631635e-19,1.6631635e-19,2.8695415e-10,2.8695415e-10,-0.11621511,-0.11621511,-6.2096472e-06,-6.2096472e-06,-6.2096472e-06,-6.2096472e-06,-1.3395328e-06,-1.3395328e-06,0.031514695,0.031514695,-0.031516469,-0.031516469,0.009921372,0.009921372,-0.021593589,-0.021593589,0.021593323,0.021593323,-0.0099228798,-0.0099228798,-0.011672217,-0.011672217,0.011670443,0.011670443,-0.011672217,-0.011672217,0.011670443,0.011670443,-0.019842493,-0.019842493,-0.096372616,-0.096372616,-0.019842493,-0.019842493,-0.096372616,-0.096372616,2.8696497e-10,2.8696497e-10,-0.11621511,-0.11621511,-0.011672217,-0.011672217,0.011672203,0.011672203,-0.019842493,-0.019842493,-6.7556863e-12,-6.7556863e-12,-8.9302185e-07,-8.9302185e-07,-8.7793505e-07,-8.7793505e-07,-1.5093548e-08,-1.5093548e-08,-3.8186818e-10,-3.8186818e-10,-0.11621779,-0.11621779,-1.1284013,-1.1284013,-7.2610949,-7.2610949,-1.2412412,-1.2412412,-3.5903935,-3.5903935,-0.13228329,-0.13228329,0.016068177,0.016068177,-0.0023344434,-0.0023344434,-0.020908933,-0.020908933,4.65269,4.65269,-4.7286711,-4.7286711,6.6463468e-06,6.6463468e-06,-1.4950979e-16,-1.4950979e-16,-3.6928981e-19,-3.6929111e-19,3.9022489e-16,3.902264e-16,-3.8242589e-18,-3.8242589e-18,9.0209518e-16,9.0209518e-16,7.5546237e-07,3.3082608e-10,6.1410459e-11,6.1410459e-11
-0.016073023,-0.016073023,-0.011672704,-0.011672704,-0.027745726,-0.027745726,0.12789042,0.12789042,0.14396344,0.14396344,0.04000476,0.040005303,-0.040005776,-0.040005776,0.040005304,0.040005304,-0.040005776,-0.040005776,-1.2189724e-08,-1.2189724e-08,1.6641719e-19,1.6641719e-19,2.8035398e-10,2.8035398e-10,-0.11621598,-0.11621598,-6.0668253e-06,-6.0668253e-06,-6.0668254e-06,-6.0668254e-06,-1.3087235e-06,-1.3087235e-06,0.031516054,0.031516054,-0.031517787,-0.031517787,0.009921798,0.009921798,-0.021594516,-0.021594516,0.021594256,0.021594256,-0.0099232711,-0.0099232711,-0.011672718,-0.011672718,0.011670985,0.011670985,-0.011672718,-0.011672718,0.011670985,0.011670985,-0.01984335,-0.01984335,-0.096372631,-0.096372631,-0.01984335,-0.01984335,-0.096372631,-0.096372631,2.8036481e-10,2.8036481e-10,-0.11621598,-0.11621598,-0.011672718,-0.011672718,0.011672704,0.011672704,-0.019843351,-0.019843351,-6.6003087e-12,-6.6003087e-12,-8.7248235e-07,-8.7248235e-07,-8.5774255e-07,-8.5774255e-07,-1.4746397e-08,-1.4746397e-08,-3.7308596e-10,-3.7308596e-10,-0.1162186,-0.1162186,-1.1286165,-1.1286165,-7.2611435,-7.2611435,-1.2414779,-1.2414779,-3.5904163,-3.5904163,-0.132289,-0.132289,0.016073023,0.016073023,-0.0023345436,-0.0023345436,-0.020908999,-0.020908999,4.6527249,4.6527249,-4.7287299,-4.7287299,6.4934808e-06,6.4934808e-06,-1.4950974e-16,-1.4950974e-16,-3.6929257e-19,-3.692938e-19,3.9022477e-16,3.902262e-16,-3.8242109e-18,-3.8242109e-18,9.0209485e-16,9.0209485e-16,7.4790775e-07,3.2751782e-10,5.8618064e-11,5.8618064e-11
-0.016077757,-0.016077757,-0.011673193,-0.011673193,-0.02775095,-0.02775095,0.12789172,0.12789172,0.14396948,0.14396948,0.040006449,0.040006987,-0.040007449,-0.040007449,0.040006987,0.040006987,-0.040007449,-0.040007449,-1.190936e-08,-1.190936e-08,1.6651572e-19,1.6651572e-19,2.7390562e-10,2.7390562e-10,-0.11621683,-0.11621683,-5.9272883e-06,-5.9272883e-06,-5.9272884e-06,-5.9272884e-06,-1.2786229e-06,-1.2786229e-06,0.031517382,0.031517382,-0.031519075,-0.031519075,0.0099222142,0.0099222142,-0.021595422,-0.021595422,0.021595168,0.021595168,-0.0099236534,-0.0099236534,-0.011673207,-0.011673207,0.011671514,0.011671514,-0.011673207,-0.011673207,0.011671514,0.011671514,-0.019844188,-0.019844188,-0.096372645,-0.096372645,-0.019844188,-0.019844188,-0.096372645,-0.096372645,2.7391644e-10,2.7391644e-10,-0.11621683,-0.11621683,-0.011673207,-0.011673207,0.011673193,0.011673193,-0.019844189,-0.019844189,-6.4485048e-12,-6.4485048e-12,-8.5241525e-07,-8.5241525e-07,-8.3801447e-07,-8.3801447e-07,-1.440723e-08,-1.440723e-08,-3.6450574e-10,-3.6450574e-10,-0.11621939,-0.11621939,-1.1288267,-1.1288267,-7.261191,-7.261191,-1.2417091,-1.2417091,-3.5904386,-3.5904386,-0.13229459,-0.13229459,0.016077757,0.016077757,-0.0023346414,-0.0023346414,-0.020909064,-0.020909064,4.652759,4.652759,-4.7287873,-4.7287873,6.3441307e-06,6.3441307e-06,-1.4950969e-16,-1.4950969e-16,-3.6929526e-19,-3.6929643e-19,3.9022464e-16,3.90226e-16,-3.8241639e-18,-3.8241639e-18,9.0209453e-16,9.0209453e-16,7.4042867e-07,3.2424264e-10,5.5952642e-11,5.5952642e-11
-0.016082382,-0.016082382,-0.011673672,-0.011673672,-0.027756054,-0.027756054,0.12789299,0.12789299,0.14397537,0.14397537,0.040008099,0.040008632,-0.040009083,-0.040009083,0.040008632,0.040008632,-0.040009083,-0.040009083,-1.1635445e-08,-1.1635445e-08,1.6661197e-19,1.6661197e-19,2.6760557e-10,2.6760557e-10,-0.11621767,-0.11621767,-5.7909607e-06,-5.7909607e-06,-5.7909607e-06,-5.7909607e-06,-1.2492146e-06,-1.2492146e-06,0.031518679,0.031518679,-0.031520333,-0.031520333,0.0099226208,0.0099226208,-0.021596306,-0.021596306,0.021596058,0.021596058,-0.009924027,-0.009924027,-0.011673685,-0.011673685,0.011672031,0.011672031,-0.011673685,-0.011673685,0.011672031,0.011672031,-0.019845007,-0.019845007,-0.096372659,-0.096372659,-0.019845007,-0.019845007,-0.096372659,-0.096372659,2.6761639e-10,2.6761639e-10,-0.11621767,-0.11621767,-0.011673685,-0.011673685,0.011673672,0.011673672,-0.019845007,-0.019845007,-6.3001923e-12,-6.3001923e-12,-8.328097e-07,-8.328097e-07,-8.1874014e-07,-8.1874014e-07,-1.4075863e-08,-1.4075863e-08,-3.5612286e-10,-3.5612286e-10,-0.11622017,-0.11622017,-1.129032,-1.129032,-7.2612375,-7.2612375,-1.241935,-1.241935,-3.5904604,-3.5904604,-0.13230005,-0.13230005,0.016082383,0.016082383,-0.002334737,-0.002334737,-0.020909127,-0.020909127,4.6527924,4.6527924,-4.7288434,-4.7288434,6.1982157e-06,6.1982157e-06,-1.4950964e-16,-1.4950964e-16,-3.6929788e-19,-3.6929899e-19,3.9022452e-16,3.9022581e-16,-3.8241181e-18,-3.8241181e-18,9.0209421e-16,9.0209421e-16,7.3302438e-07,3.2100021e-10,5.340842e-11,5.340842e-11
-0.016086901,-0.016086901,-0.011674139,-0.011674139,-0.02776104,-0.02776104,0.12789424,0.12789424,0.14398114,0.14398114,0.040009711,0.040010239,-0.04001068,-0.04001068,0.040010239,0.040010239,-0.04001068,-0.04001068,-1.1367829e-08,-1.1367829e-08,1.6670601e-19,1.6670601e-19,2.6145041e-10,2.6145041e-10,-0.11621848,-0.11621848,-5.6577686e-06,-5.6577686e-06,-5.6577686e-06,-5.6577686e-06,-1.2204826e-06,-1.2204826e-06,0.031519946,0.031519946,-0.031521562,-0.031521562,0.009923018,0.009923018,-0.021597171,-0.021597171,0.021596928,0.021596928,-0.0099243919,-0.0099243919,-0.011674153,-0.011674153,0.011672536,0.011672536,-0.011674153,-0.011674153,0.011672536,0.011672536,-0.019845807,-0.019845807,-0.096372673,-0.096372673,-0.019845807,-0.019845807,-0.096372673,-0.096372673,2.6146124e-10,2.6146124e-10,-0.11621848,-0.11621848,-0.011674152,-0.011674152,0.011674139,0.011674139,-0.019845807,-0.019845807,-6.1552911e-12,-6.1552911e-12,-8.1365508e-07,-8.1365508e-07,-7.9990911e-07,-7.9990911e-07,-1.3752118e-08,-1.3752118e-08,-3.4793279e-10,-3.4793279e-10,-0.11622092,-0.11622092,-1.1292327,-1.1292327,-7.2612828,-7.2612828,-1.2421557,-1.2421557,-3.5904816,-3.5904816,-0.13230538,-0.13230538,0.016086902,0.016086902,-0.0023348304,-0.0023348304,-0.020909189,-0.020909189,4.6528249,4.6528249,-4.7288983,-4.7288983,6.0556568e-06,6.0556568e-06,-1.4950959e-16,-1.4950959e-16,-3.6930044e-19,-3.693015e-19,3.902244e-16,3.9022562e-16,-3.8240732e-18,-3.8240732e-18,9.0209391e-16,9.0209391e-16,7.2569414e-07,3.1779021e-10,5.0979886e-11,5.0979886e-11
-0.016091316,-0.016091316,-0.011674596,-0.011674596,-0.027765912,-0.027765912,0.12789545,0.12789545,0.14398677,0.14398677,0.040011286,0.040011809,-0.04001224,-0.04001224,0.040011809,0.040011809,-0.04001224,-0.04001224,-1.1106369e-08,-1.1106369e-08,1.6679789e-19,1.6679789e-19,2.5543683e-10,2.5543683e-10,-0.11621928,-0.11621928,-5.5276399e-06,-5.5276399e-06,-5.52764e-06,-5.52764e-06,-1.1924115e-06,-1.1924115e-06,0.031521184,0.031521184,-0.031522763,-0.031522763,0.0099234062,0.0099234062,-0.021598015,-0.021598015,0.021597778,0.021597778,-0.0099247484,-0.0099247484,-0.011674609,-0.011674609,0.01167303,0.01167303,-0.011674609,-0.011674609,0.01167303,0.01167303,-0.019846589,-0.019846589,-0.096372686,-0.096372686,-0.019846589,-0.019846589,-0.096372686,-0.096372686,2.5544766e-10,2.5544766e-10,-0.11621928,-0.11621928,-0.011674609,-0.011674609,0.011674596,0.011674596,-0.019846589,-0.019846589,-6.0137226e-12,-6.0137226e-12,-7.9494101e-07,-7.9494101e-07,-7.815112e-07,-7.815112e-07,-1.343582e-08,-1.343582e-08,-3.3993109e-10,-3.3993109e-10,-0.11622166,-0.11622166,-1.1294287,-1.1294287,-7.2613271,-7.2613271,-1.2423713,-1.2423713,-3.5905024,-3.5905024,-0.13231059,-0.13231059,0.016091317,0.016091317,-0.0023349217,-0.0023349217,-0.020909249,-0.020909249,4.6528568,4.6528568,-4.7289518,-4.7289518,5.9163766e-06,5.9163766e-06,-1.4950954e-16,-1.4950954e-16,-3.6930295e-19,-3.6930395e-19,3.9022427e-16,3.9022544e-16,-3.8240294e-18,-3.8240294e-18,9.0209361e-16,9.0209361e-16,7.184372e-07,3.1461231e-10,4.8661779e-11,4.8661779e-11
-0.01609563,-0.01609563,-0.011675042,-0.011675042,-0.027770672,-0.027770672,0.12789664,0.12789664,0.14399227,0.14399227,0.040012825,0.040013342,-0.040013764,-0.040013764,0.040013343,0.040013343,-0.040013763,-0.040013763,-1.0850923e-08,-1.0850923e-08,1.6688766e-19,1.6688766e-19,2.4956156e-10,2.4956156e-10,-0.11622005,-0.11622005,-5.4005042e-06,-5.4005042e-06,-5.4005042e-06,-5.4005042e-06,-1.1649861e-06,-1.1649861e-06,0.031522394,0.031522394,-0.031523937,-0.031523937,0.0099237854,0.0099237854,-0.02159884,-0.02159884,0.021598609,0.021598609,-0.0099250967,-0.0099250967,-0.011675055,-0.011675055,0.011673512,0.011673512,-0.011675055,-0.011675055,0.011673512,0.011673512,-0.019847352,-0.019847352,-0.0963727,-0.0963727,-0.019847352,-0.019847352,-0.0963727,-0.0963727,2.4957239e-10,2.4957239e-10,-0.11622005,-0.11622005,-0.011675054,-0.011675054,0.011675042,0.011675042,-0.019847352,-0.019847352,-5.8754101e-12,-5.8754101e-12,-7.7665737e-07,-7.7665737e-07,-7.6353645e-07,-7.6353645e-07,-1.3126796e-08,-1.3126796e-08,-3.3211343e-10,-3.3211343e-10,-0.11622238,-0.11622238,-1.1296202,-1.1296202,-7.2613704,-7.2613704,-1.242582,-1.242582,-3.5905227,-3.5905227,-0.13231568,-0.13231568,0.01609563,0.01609563,-0.0023350109,-0.0023350109,-0.020909308,-0.020909308,4.6528879,4.6528879,-4.7290042,-4.7290042,5.7803e-06,5.7803e-06,-1.495095e-16,-1.495095e-16,-3.6930539e-19,-3.6930634e-19,3.9022415e-16,3.9022526e-16,-3.8239867e-18,-3.8239867e-18,9.0209331e-16,9.0209331e-16,7.1125283e-07,3.1146619e-10,4.6449079e-11,4.6449079e-11
-0.016099844,-0.016099844,-0.011675478,-0.011675478,-0.027775322,-0.027775322,0.1278978,0.1278978,0.14399764,0.14399764,0.040014329,0.040014841,-0.040015252,-0.040015252,0.040014841,0.040014841,-0.040015252,-0.040015252,-1.0601352e-08,-1.0601352e-08,1.6697536e-19,1.6697536e-19,2.4382142e-10,2.4382142e-10,-0.11622081,-0.11622081,-5.2762926e-06,-5.2762926e-06,-5.2762926e-06,-5.2762926e-06,-1.1381914e-06,-1.1381914e-06,0.031523576,0.031523576,-0.031525083,-0.031525083,0.0099241558,0.0099241558,-0.021599646,-0.021599646,0.02159942,0.02159942,-0.009925437,-0.009925437,-0.01167549,-0.01167549,0.011673983,0.011673983,-0.01167549,-0.01167549,0.011673983,0.011673983,-0.019848098,-0.019848098,-0.096372712,-0.096372712,-0.019848098,-0.019848098,-0.096372712,-0.096372712,2.4383225e-10,2.4383225e-10,-0.11622081,-0.11622081,-0.01167549,-0.01167549,0.011675478,0.011675478,-0.019848098,-0.019848098,-5.7402789e-12,-5.7402789e-12,-7.5879425e-07,-7.5879425e-07,-7.4597511e-07,-7.4597511e-07,-1.2824879e-08,-1.2824879e-08,-3.2447558e-10,-3.2447558e-10,-0.11622309,-0.11622309,-1.1298073,-1.1298073,-7.2614127,-7.2614127,-1.2427878,-1.2427878,-3.5905426,-3.5905426,-0.13232065,-0.13232065,0.016099845,0.016099845,-0.002335098,-0.002335098,-0.020909366,-0.020909366,4.6529182,4.6529182,-4.7290553,-4.7290553,5.6473531e-06,5.6473531e-06,-1.4950945e-16,-1.4950945e-16,-3.6930778e-19,-3.6930868e-19,3.9022403e-16,3.9022509e-16,-3.8239449e-18,-3.8239449e-18,9.0209303e-16,9.0209303e-16,7.041403e-07,3.0835152e-10,4.4336993e-11,4.4336993e-11
-0.016103962,-0.016103962,-0.011675904,-0.011675904,-0.027779865,-0.027779865,0.12789893,0.12789893,0.14400289,0.14400289,0.040015798,0.040016305,-0.040016707,-0.040016707,0.040016305,0.040016305,-0.040016707,-0.040016707,-1.0357521e-08,-1.0357521e-08,1.6706105e-19,1.6706105e-19,2.3821331e-10,2.3821331e-10,-0.11622155,-0.11622155,-5.1549379e-06,-5.1549379e-06,-5.1549379e-06,-5.1549379e-06,-1.112013e-06,-1.112013e-06,0.03152473,0.03152473,-0.031526203,-0.031526203,0.0099245178,0.0099245178,-0.021600433,-0.021600433,0.021600213,0.021600213,-0.0099257695,-0.0099257695,-0.011675916,-0.011675916,0.011674443,0.011674443,-0.011675916,-0.011675916,0.011674443,0.011674443,-0.019848827,-0.019848827,-0.096372725,-0.096372725,-0.019848827,-0.019848827,-0.096372725,-0.096372725,2.3822414e-10,2.3822414e-10,-0.11622155,-0.11622155,-0.011675915,-0.011675915,0.011675904,0.011675904,-0.019848827,-0.019848827,-5.6082556e-12,-5.6082556e-12,-7.4134198e-07,-7.4134198e-07,-7.2881768e-07,-7.2881768e-07,-1.2529907e-08,-1.2529907e-08,-3.170134e-10,-3.170134e-10,-0.11622378,-0.11622378,-1.1299901,-1.1299901,-7.261454,-7.261454,-1.2429889,-1.2429889,-3.5905619,-3.5905619,-0.13232551,-0.13232551,0.016103962,0.016103962,-0.0023351831,-0.0023351831,-0.020909422,-0.020909422,4.6529479,4.6529479,-4.7291053,-4.7291053,5.517464e-06,5.517464e-06,-1.4950941e-16,-1.4950941e-16,-3.6931011e-19,-3.6931097e-19,3.9022392e-16,3.9022492e-16,-3.823904e-18,-3.823904e-18,9.0209275e-16,9.0209275e-16,6.970989e-07,3.0526801e-10,4.2320946e-11,4.2320946e-11
-0.016107984,-0.016107984,-0.01167632,-0.01167632,-0.027784304,-0.027784304,0.12790003,0.12790003,0.14400802,0.14400802,0.040017234,0.040017736,-0.040018128,-0.040018128,0.040017736,0.040017736,-0.040018128,-0.040018128,-1.0119298e-08,-1.0119298e-08,1.6714476e-19,1.6714476e-19,2.3273418e-10,2.3273418e-10,-0.11622228,-0.11622228,-5.0363743e-06,-5.0363743e-06,-5.0363743e-06,-5.0363743e-06,-1.0864367e-06,-1.0864367e-06,0.031525858,0.031525858,-0.031527297,-0.031527297,0.0099248714,0.0099248714,-0.021601203,-0.021601203,0.021600987,0.021600987,-0.0099260943,-0.0099260943,-0.011676331,-0.011676331,0.011674893,0.011674893,-0.011676331,-0.011676331,0.011674893,0.011674893,-0.019849539,-0.019849539,-0.096372737,-0.096372737,-0.019849539,-0.019849539,-0.096372737,-0.096372737,2.3274501e-10,2.3274501e-10,-0.11622228,-0.11622228,-0.011676331,-0.011676331,0.01167632,0.01167632,-0.019849539,-0.019849539,-5.4792689e-12,-5.4792689e-12,-7.2429112e-07,-7.2429112e-07,-7.1205487e-07,-7.1205487e-07,-1.2241719e-08,-1.2241719e-08,-3.0972284e-10,-3.0972284e-10,-0.11622445,-0.11622445,-1.1301687,-1.1301687,-7.2614943,-7.2614943,-1.2431854,-1.2431854,-3.5905809,-3.5905809,-0.13233026,-0.13233026,0.016107985,0.016107985,-0.0023352662,-0.0023352662,-0.020909477,-0.020909477,4.6529769,4.6529769,-4.7291541,-4.7291541,5.3905623e-06,5.3905623e-06,-1.4950936e-16,-1.4950936e-16,-3.6931238e-19,-3.693132e-19,3.902238e-16,3.9022475e-16,-3.8238641e-18,-3.8238641e-18,9.0209247e-16,9.0209247e-16,6.9012791e-07,3.0221533e-10,4.039657e-11,4.039657e-11
-0.016111915,-0.016111915,-0.011676726,-0.011676726,-0.027788641,-0.027788641,0.12790112,0.12790112,0.14401303,0.14401303,0.040018637,0.040019133,-0.040019517,-0.040019517,0.040019133,0.040019133,-0.040019517,-0.040019517,-9.8865538e-09,-9.8865538e-09,1.6722655e-19,1.6722655e-19,2.2738107e-10,2.2738107e-10,-0.11622298,-0.11622298,-4.9205377e-06,-4.9205377e-06,-4.9205377e-06,-4.9205377e-06,-1.0614486e-06,-1.0614486e-06,0.031526961,0.031526961,-0.031528366,-0.031528366,0.0099252169,0.0099252169,-0.021601955,-0.021601955,0.021601744,0.021601744,-0.0099264117,-0.0099264117,-0.011676738,-0.011676738,0.011675332,0.011675332,-0.011676738,-0.011676738,0.011675332,0.011675332,-0.019850235,-0.019850235,-0.096372749,-0.096372749,-0.019850235,-0.019850235,-0.096372749,-0.096372749,2.273919e-10,2.273919e-10,-0.11622298,-0.11622298,-0.011676737,-0.011676737,0.011676726,0.011676726,-0.019850235,-0.019850235,-5.3532489e-12,-5.3532489e-12,-7.0763242e-07,-7.0763242e-07,-6.9567761e-07,-6.9567761e-07,-1.196016e-08,-1.196016e-08,-3.0259997e-10,-3.0259997e-10,-0.11622511,-0.11622511,-1.1303432,-1.1303432,-7.2615338,-7.2615338,-1.2433773,-1.2433773,-3.5905994,-3.5905994,-0.1323349,-0.1323349,0.016111915,0.016111915,-0.0023353475,-0.0023353475,-0.02090953,-0.02090953,4.6530053,4.6530053,-4.7292017,-4.7292017,5.2665794e-06,5.2665794e-06,-1.4950932e-16,-1.4950932e-16,-3.693146e-19,-3.6931538e-19,3.9022368e-16,3.9022459e-16,-3.8238252e-18,-3.8238252e-18,9.020922e-16,9.020922e-16,6.8322663e-07,2.9919318e-10,3.8559698e-11,3.8559698e-11
-0.016115754,-0.016115754,-0.011677123,-0.011677123,-0.027792877,-0.027792877,0.12790217,0.12790217,0.14401793,0.14401793,0.040020007,0.040020499,-0.040020873,-0.040020873,0.040020499,0.040020499,-0.040020873,-0.040020873,-9.659163e-09,-9.659163e-09,1.6730645e-19,1.6730645e-19,2.2215108e-10,2.2215108e-10,-0.11622368,-0.11622368,-4.8073653e-06,-4.8073653e-06,-4.8073654e-06,-4.8073654e-06,-1.0370353e-06,-1.0370353e-06,0.031528037,0.031528037,-0.031529411,-0.031529411,0.0099255545,0.0099255545,-0.021602689,-0.021602689,0.021602483,0.021602483,-0.0099267218,-0.0099267218,-0.011677134,-0.011677134,0.011675761,0.011675761,-0.011677134,-0.011677134,0.011675761,0.011675761,-0.019850914,-0.019850914,-0.096372761,-0.096372761,-0.019850914,-0.019850914,-0.096372761,-0.096372761,2.2216191e-10,2.2216191e-10,-0.11622368,-0.11622368,-0.011677134,-0.011677134,0.011677123,0.011677123,-0.019850914,-0.019850914,-5.2301274e-12,-5.2301274e-12,-6.9135687e-07,-6.9135687e-07,-6.7967703e-07,-6.7967703e-07,-1.1685076e-08,-1.1685076e-08,-2.9564093e-10,-2.9564093e-10,-0.11622575,-0.11622575,-1.1305137,-1.1305137,-7.2615723,-7.2615723,-1.2435649,-1.2435649,-3.5906174,-3.5906174,-0.13233943,-0.13233943,0.016115755,0.016115755,-0.0023354268,-0.0023354268,-0.020909583,-0.020909583,4.6530329,4.6530329,-4.7292483,-4.7292483,5.145448e-06,5.145448e-06,-1.4950928e-16,-1.4950928e-16,-3.6931677e-19,-3.6931751e-19,3.9022357e-16,3.9022443e-16,-3.8237871e-18,-3.8237871e-18,9.0209194e-16,9.0209194e-16,6.7639436e-07,2.9620124e-10,3.680635e-11,3.680635e-11
-0.016119506,-0.016119506,-0.011677511,-0.011677511,-0.027797017,-0.027797017,0.1279032,0.1279032,0.14402271,0.14402271,0.040021346,0.040021833,-0.040022199,-0.040022199,0.040021833,0.040021833,-0.040022199,-0.040022199,-9.4370023e-09,-9.4370023e-09,1.6738452e-19,1.6738452e-19,2.1704139e-10,2.1704139e-10,-0.11622435,-0.11622435,-4.6967959e-06,-4.6967959e-06,-4.696796e-06,-4.696796e-06,-1.0131835e-06,-1.0131835e-06,0.031529089,0.031529089,-0.031530431,-0.031530431,0.0099258842,0.0099258842,-0.021603406,-0.021603406,0.021603205,0.021603205,-0.0099270247,-0.0099270247,-0.011677522,-0.011677522,0.01167618,0.01167618,-0.011677522,-0.011677522,0.01167618,0.01167618,-0.019851578,-0.019851578,-0.096372772,-0.096372772,-0.019851578,-0.019851578,-0.096372772,-0.096372772,2.1705222e-10,2.1705222e-10,-0.11622435,-0.11622435,-0.011677522,-0.011677522,0.011677511,0.011677511,-0.019851579,-0.019851579,-5.1098376e-12,-5.1098376e-12,-6.7545567e-07,-6.7545567e-07,-6.6404446e-07,-6.6404446e-07,-1.1416319e-08,-1.1416319e-08,-2.8884194e-10,-2.8884194e-10,-0.11622638,-0.11622638,-1.1306803,-1.1306803,-7.2616099,-7.2616099,-1.2437481,-1.2437481,-3.5906351,-3.5906351,-0.13234386,-0.13234386,0.016119506,0.016119506,-0.0023355044,-0.0023355044,-0.020909634,-0.020909634,4.65306,4.65306,-4.7292939,-4.7292939,5.0271027e-06,5.0271027e-06,-1.4950924e-16,-1.4950924e-16,-3.6931889e-19,-3.6931959e-19,3.9022346e-16,3.9022427e-16,-3.8237499e-18,-3.8237499e-18,9.0209169e-16,9.0209169e-16,6.6963042e-07,2.9323923e-10,3.5132728e-11,3.5132728e-11
-0.016123171,-0.016123171,-0.01167789,-0.01167789,-0.027801061,-0.027801061,0.12790421,0.12790421,0.14402738,0.14402738,0.040022654,0.040023136,-0.040023494,-0.040023494,0.040023136,0.040023136,-0.040023494,-0.040023494,-9.2199512e-09,-9.2199512e-09,1.674608e-19,1.674608e-19,2.1204921e-10,2.1204921e-10,-0.11622501,-0.11622501,-4.5887696e-06,-4.5887696e-06,-4.5887696e-06,-4.5887696e-06,-9.8988028e-07,-9.8988028e-07,0.031530117,0.031530117,-0.031531428,-0.031531428,0.0099262064,0.0099262064,-0.021604107,-0.021604107,0.021603911,0.021603911,-0.0099273207,-0.0099273207,-0.011677901,-0.011677901,0.01167659,0.01167659,-0.011677901,-0.011677901,0.01167659,0.01167659,-0.019852227,-0.019852227,-0.096372783,-0.096372783,-0.019852227,-0.019852227,-0.096372783,-0.096372783,2.1206004e-10,2.1206004e-10,-0.11622501,-0.11622501,-0.011677901,-0.011677901,0.01167789,0.01167789,-0.019852227,-0.019852227,-4.9923145e-12,-4.9923145e-12,-6.5992019e-07,-6.5992019e-07,-6.4877143e-07,-6.4877143e-07,-1.1153744e-08,-1.1153744e-08,-2.8219933e-10,-2.8219933e-10,-0.11622699,-0.11622699,-1.130843,-1.130843,-7.2616467,-7.2616467,-1.2439271,-1.2439271,-3.5906523,-3.5906523,-0.13234818,-0.13234818,0.016123171,0.016123171,-0.0023355802,-0.0023355802,-0.020909684,-0.020909684,4.6530864,4.6530864,-4.7293383,-4.7293383,4.9114794e-06,4.9114794e-06,-1.495092e-16,-1.495092e-16,-3.6932096e-19,-3.6932163e-19,3.9022335e-16,3.9022412e-16,-3.8237135e-18,-3.8237135e-18,9.0209144e-16,9.0209144e-16,6.6293411e-07,2.9030684e-10,3.3535208e-11,3.3535208e-11
-0.016126752,-0.016126752,-0.01167826,-0.01167826,-0.027805012,-0.027805012,0.1279052,0.1279052,0.14403195,0.14403195,0.040023932,0.040024409,-0.040024759,-0.040024759,0.040024409,0.040024409,-0.040024759,-0.040024759,-9.0078924e-09,-9.0078924e-09,1.6753532e-19,1.6753532e-19,2.0717186e-10,2.0717186e-10,-0.11622566,-0.11622566,-4.4832279e-06,-4.4832279e-06,-4.4832279e-06,-4.4832279e-06,-9.6711303e-07,-9.6711303e-07,0.031531121,0.031531121,-0.031532402,-0.031532402,0.0099265212,0.0099265212,-0.021604792,-0.021604792,0.0216046,0.0216046,-0.0099276098,-0.0099276098,-0.011678271,-0.011678271,0.01167699,0.01167699,-0.011678271,-0.011678271,0.01167699,0.01167699,-0.019852861,-0.019852861,-0.096372794,-0.096372794,-0.019852861,-0.019852861,-0.096372794,-0.096372794,2.0718269e-10,2.0718269e-10,-0.11622566,-0.11622566,-0.011678271,-0.011678271,0.01167826,0.01167826,-0.019852861,-0.019852861,-4.8774945e-12,-4.8774945e-12,-6.4474202e-07,-6.4474202e-07,-6.3384969e-07,-6.3384969e-07,-1.0897208e-08,-1.0897208e-08,-2.757095e-10,-2.757095e-10,-0.11622759,-0.11622759,-1.131002,-1.131002,-7.2616826,-7.2616826,-1.244102,-1.244102,-3.5906692,-3.5906692,-0.13235241,-0.13235241,0.016126752,0.016126752,-0.0023356542,-0.0023356542,-0.020909733,-0.020909733,4.6531122,4.6531122,-4.7293818,-4.7293818,4.7985153e-06,4.7985153e-06,-1.4950916e-16,-1.4950916e-16,-3.6932298e-19,-3.6932361e-19,3.9022324e-16,3.9022397e-16,-3.823678e-18,-3.823678e-18,9.020912e-16,9.020912e-16,6.5630477e-07,2.8740377e-10,3.2010328e-11,3.2010328e-11
-0.01613025,-0.01613025,-0.011678622,-0.011678622,-0.027808873,-0.027808873,0.12790616,0.12790616,0.14403641,0.14403641,0.040025181,0.040025653,-0.040025995,-0.040025995,0.040025654,0.040025654,-0.040025995,-0.040025995,-8.8007108e-09,-8.8007108e-09,1.6760812e-19,1.6760812e-19,2.0240668e-10,2.0240668e-10,-0.11622629,-0.11622629,-4.3801137e-06,-4.3801137e-06,-4.3801137e-06,-4.3801137e-06,-9.4486943e-07,-9.4486943e-07,0.031532102,0.031532102,-0.031533354,-0.031533354,0.0099268288,0.0099268288,-0.021605461,-0.021605461,0.021605274,0.021605274,-0.0099278924,-0.0099278924,-0.011678633,-0.011678633,0.011677381,0.011677381,-0.011678633,-0.011678633,0.011677381,0.011677381,-0.01985348,-0.01985348,-0.096372805,-0.096372805,-0.01985348,-0.01985348,-0.096372805,-0.096372805,2.0241751e-10,2.0241751e-10,-0.11622629,-0.11622629,-0.011678632,-0.011678632,0.011678622,0.011678622,-0.01985348,-0.01985348,-4.7653153e-12,-4.7653153e-12,-6.2991296e-07,-6.2991296e-07,-6.1927115e-07,-6.1927115e-07,-1.0646572e-08,-1.0646572e-08,-2.6936894e-10,-2.6936894e-10,-0.11622818,-0.11622818,-1.1311573,-1.1311573,-7.2617177,-7.2617177,-1.2442728,-1.2442728,-3.5906856,-3.5906856,-0.13235654,-0.13235654,0.016130251,0.016130251,-0.0023357265,-0.0023357265,-0.020909781,-0.020909781,4.6531374,4.6531374,-4.7294242,-4.7294242,4.6881495e-06,4.6881495e-06,-1.4950912e-16,-1.4950912e-16,-3.6932495e-19,-3.6932556e-19,3.9022313e-16,3.9022383e-16,-3.8236433e-18,-3.8236433e-18,9.0209096e-16,9.0209096e-16,6.4974173e-07,2.8452973e-10,3.0554787e-11,3.0554787e-11
-0.016133669,-0.016133669,-0.011678976,-0.011678976,-0.027812644,-0.027812644,0.1279071,0.1279071,0.14404077,0.14404077,0.040026401,0.040026869,-0.040027202,-0.040027202,0.040026869,0.040026869,-0.040027202,-0.040027202,-8.5982945e-09,-8.5982945e-09,1.6767925e-19,1.6767925e-19,1.977511e-10,1.977511e-10,-0.1162269,-0.1162269,-4.2793711e-06,-4.2793711e-06,-4.2793711e-06,-4.2793711e-06,-9.2313744e-07,-9.2313744e-07,0.031533061,0.031533061,-0.031534284,-0.031534284,0.0099271292,0.0099271292,-0.021606115,-0.021606115,0.021605932,0.021605932,-0.0099281684,-0.0099281684,-0.011678986,-0.011678986,0.011677763,0.011677763,-0.011678986,-0.011678986,0.011677763,0.011677763,-0.019854085,-0.019854085,-0.096372815,-0.096372815,-0.019854085,-0.019854085,-0.096372815,-0.096372815,1.9776194e-10,1.9776194e-10,-0.1162269,-0.1162269,-0.011678986,-0.011678986,0.011678976,0.011678976,-0.019854085,-0.019854085,-4.6557162e-12,-4.6557162e-12,-6.1542496e-07,-6.1542496e-07,-6.0502791e-07,-6.0502791e-07,-1.0401701e-08,-1.0401701e-08,-2.6317421e-10,-2.6317421e-10,-0.11622875,-0.11622875,-1.131309,-1.131309,-7.261752,-7.261752,-1.2444398,-1.2444398,-3.5907017,-3.5907017,-0.13236057,-0.13236057,0.016133669,0.016133669,-0.0023357971,-0.0023357971,-0.020909827,-0.020909827,4.6531621,4.6531621,-4.7294657,-4.7294657,4.5803221e-06,4.5803221e-06,-1.4950909e-16,-1.4950909e-16,-3.6932688e-19,-3.6932745e-19,3.9022302e-16,3.9022368e-16,-3.8236094e-18,-3.8236094e-18,9.0209072e-16,9.0209072e-16,6.4324431e-07,2.8168444e-10,2.916543e-11,2.916543e-11
-0.016137008,-0.016137008,-0.011679321,-0.011679321,-0.027816329,-0.027816329,0.12790802,0.12790802,0.14404503,0.14404503,0.040027593,0.040028056,-0.040028382,-0.040028382,0.040028056,0.040028056,-0.040028382,-0.040028382,-8.4005337e-09,-8.4005337e-09,1.6774875e-19,1.6774875e-19,1.9320261e-10,1.9320261e-10,-0.1162275,-0.1162275,-4.1809455e-06,-4.1809455e-06,-4.1809456e-06,-4.1809456e-06,-9.0190528e-07,-9.0190528e-07,0.031533997,0.031533997,-0.031535192,-0.031535192,0.0099274228,0.0099274228,-0.021606754,-0.021606754,0.021606575,0.021606575,-0.009928438,-0.009928438,-0.011679331,-0.011679331,0.011678137,0.011678137,-0.011679331,-0.011679331,0.011678137,0.011678137,-0.019854676,-0.019854676,-0.096372826,-0.096372826,-0.019854676,-0.019854676,-0.096372826,-0.096372826,1.9321344e-10,1.9321344e-10,-0.1162275,-0.1162275,-0.011679331,-0.011679331,0.011679321,0.011679321,-0.019854677,-0.019854677,-4.5486379e-12,-4.5486379e-12,-6.0127018e-07,-6.0127018e-07,-5.9111227e-07,-5.9111227e-07,-1.0162462e-08,-1.0162462e-08,-2.5712195e-10,-2.5712195e-10,-0.11622931,-0.11622931,-1.1314573,-1.1314573,-7.2617855,-7.2617855,-1.2446029,-1.2446029,-3.5907175,-3.5907175,-0.13236451,-0.13236451,0.016137008,0.016137008,-0.0023358662,-0.0023358662,-0.020909873,-0.020909873,4.6531861,4.6531861,-4.7295062,-4.7295062,4.4749746e-06,4.4749746e-06,-1.4950905e-16,-1.4950905e-16,-3.6932876e-19,-3.693293e-19,3.9022292e-16,3.9022355e-16,-3.8235763e-18,-3.8235763e-18,9.020905e-16,9.020905e-16,6.3681186e-07,2.7886759e-10,2.7839249e-11,2.7839249e-11
-0.016140271,-0.016140271,-0.011679659,-0.011679659,-0.027819929,-0.027819929,0.12790891,0.12790891,0.14404919,0.14404919,0.040028758,0.040029216,-0.040029535,-0.040029535,0.040029217,0.040029217,-0.040029535,-0.040029535,-8.2073214e-09,-8.2073214e-09,1.6781664e-19,1.6781664e-19,1.8875872e-10,1.8875872e-10,-0.11622809,-0.11622809,-4.0847838e-06,-4.0847838e-06,-4.0847838e-06,-4.0847838e-06,-8.8116145e-07,-8.8116145e-07,0.031534912,0.031534912,-0.031536079,-0.031536079,0.0099277096,0.0099277096,-0.021607378,-0.021607378,0.021607203,0.021607203,-0.0099287015,-0.0099287015,-0.011679668,-0.011679668,0.011678501,0.011678501,-0.011679668,-0.011679668,0.011678501,0.011678501,-0.019855254,-0.019855254,-0.096372835,-0.096372835,-0.019855254,-0.019855254,-0.096372835,-0.096372835,1.8876956e-10,1.8876956e-10,-0.11622809,-0.11622809,-0.011679668,-0.011679668,0.011679659,0.011679659,-0.019855254,-0.019855254,-4.4440224e-12,-4.4440224e-12,-5.8744097e-07,-5.8744097e-07,-5.7751669e-07,-5.7751669e-07,-9.928725e-09,-9.928725e-09,-2.512089e-10,-2.512089e-10,-0.11622985,-0.11622985,-1.1316022,-1.1316022,-7.2618183,-7.2618183,-1.2447622,-1.2447622,-3.5907328,-3.5907328,-0.13236836,-0.13236836,0.016140271,0.016140271,-0.0023359336,-0.0023359336,-0.020909918,-0.020909918,4.6532097,4.6532097,-4.7295458,-4.7295458,4.3720502e-06,4.3720502e-06,-1.4950902e-16,-1.4950902e-16,-3.693306e-19,-3.6933112e-19,3.9022281e-16,3.9022341e-16,-3.8235439e-18,-3.8235439e-18,9.0209028e-16,9.0209028e-16,6.3044375e-07,2.7607892e-10,2.657337e-11,2.657337e-11
-0.016143458,-0.016143458,-0.011679988,-0.011679988,-0.027823446,-0.027823446,0.12790979,0.12790979,0.14405325,0.14405325,0.040029896,0.04003035,-0.040030661,-0.040030661,0.04003035,0.04003035,-0.040030661,-0.040030661,-8.018553e-09,-8.018553e-09,1.6788298e-19,1.6788298e-19,1.8441705e-10,1.8441705e-10,-0.11622866,-0.11622866,-3.9908338e-06,-3.9908338e-06,-3.9908338e-06,-3.9908338e-06,-8.6089474e-07,-8.6089474e-07,0.031535806,0.031535806,-0.031536946,-0.031536946,0.0099279898,0.0099279898,-0.021607987,-0.021607987,0.021607816,0.021607816,-0.0099289589,-0.0099289589,-0.011679998,-0.011679998,0.011678858,0.011678858,-0.011679998,-0.011679998,0.011678858,0.011678858,-0.019855818,-0.019855818,-0.096372845,-0.096372845,-0.019855818,-0.019855818,-0.096372845,-0.096372845,1.8442788e-10,1.8442788e-10,-0.11622866,-0.11622866,-0.011679997,-0.011679997,0.011679988,0.011679988,-0.019855818,-0.019855818,-4.3418131e-12,-4.3418131e-12,-5.7392983e-07,-5.7392983e-07,-5.642338e-07,-5.642338e-07,-9.7003643e-09,-9.7003643e-09,-2.4543185e-10,-2.4543185e-10,-0.11623039,-0.11623039,-1.1317437,-1.1317437,-7.2618503,-7.2618503,-1.2449179,-1.2449179,-3.5907478,-3.5907478,-0.13237212,-0.13237212,0.016143458,0.016143458,-0.0023359995,-0.0023359995,-0.020909961,-0.020909961,4.6532326,4.6532326,-4.7295845,-4.7295845,4.2714931e-06,4.2714931e-06,-1.4950898e-16,-1.4950898e-16,-3.6933239e-19,-3.6933288e-19,3.9022271e-16,3.9022328e-16,-3.8235123e-18,-3.8235123e-18,9.0209006e-16,9.0209006e-16,6.2413931e-07,2.7331813e-10,2.5365053e-11,2.5365053e-11
-0.016146573,-0.016146573,-0.01168031,-0.01168031,-0.027826883,-0.027826883,0.12791065,0.12791065,0.14405722,0.14405722,0.040031008,0.040031457,-0.040031761,-0.040031761,0.040031457,0.040031457,-0.040031761,-0.040031761,-7.8341263e-09,-7.8341263e-09,1.6794779e-19,1.6794779e-19,1.8017524e-10,1.8017524e-10,-0.11622922,-0.11622922,-3.8990446e-06,-3.8990446e-06,-3.8990446e-06,-3.8990446e-06,-8.4109416e-07,-8.4109416e-07,0.03153668,0.03153668,-0.031537794,-0.031537794,0.0099282636,0.0099282636,-0.021608583,-0.021608583,0.021608416,0.021608416,-0.0099292104,-0.0099292104,-0.01168032,-0.01168032,0.011679206,0.011679206,-0.01168032,-0.01168032,0.011679206,0.011679206,-0.019856369,-0.019856369,-0.096372855,-0.096372855,-0.019856369,-0.019856369,-0.096372855,-0.096372855,1.8018607e-10,1.8018607e-10,-0.11622922,-0.11622922,-0.011680319,-0.011680319,0.01168031,0.01168031,-0.01985637,-0.01985637,-4.2419545e-12,-4.2419545e-12,-5.6072944e-07,-5.6072944e-07,-5.5125643e-07,-5.5125643e-07,-9.4772559e-09,-9.4772559e-09,-2.3978768e-10,-2.3978768e-10,-0.11623091,-0.11623091,-1.131882,-1.131882,-7.2618815,-7.2618815,-1.24507,-1.24507,-3.5907625,-3.5907625,-0.1323758,-0.1323758,0.016146573,0.016146573,-0.0023360639,-0.0023360639,-0.020910004,-0.020910004,4.6532551,4.6532551,-4.7296223,-4.7296223,4.1732487e-06,4.1732487e-06,-1.4950895e-16,-1.4950895e-16,-3.6933415e-19,-3.6933461e-19,3.9022261e-16,3.9022315e-16,-3.8234814e-18,-3.8234814e-18,9.0208985e-16,9.0208985e-16,6.1789792e-07,2.7058495e-10,2.4211678e-11,2.4211678e-11
-0.016149615,-0.016149615,-0.011680625,-0.011680625,-0.02783024,-0.02783024,0.12791149,0.12791149,0.1440611,0.1440611,0.040032095,0.040032539,-0.040032836,-0.040032836,0.040032539,0.040032539,-0.040032836,-0.040032836,-7.6539414e-09,-7.6539414e-09,1.6801111e-19,1.6801111e-19,1.7603098e-10,1.7603098e-10,-0.11622977,-0.11622977,-3.8093666e-06,-3.8093666e-06,-3.8093666e-06,-3.8093666e-06,-8.21749e-07,-8.21749e-07,0.031537533,0.031537533,-0.031538621,-0.031538621,0.0099285311,0.0099285311,-0.021609165,-0.021609165,0.021609002,0.021609002,-0.0099294561,-0.0099294561,-0.011680634,-0.011680634,0.011679546,0.011679546,-0.011680634,-0.011680634,0.011679546,0.011679546,-0.019856908,-0.019856908,-0.096372864,-0.096372864,-0.019856908,-0.019856908,-0.096372864,-0.096372864,1.7604182e-10,1.7604182e-10,-0.11622977,-0.11622977,-0.011680634,-0.011680634,0.011680625,0.011680625,-0.019856908,-0.019856908,-4.1443928e-12,-4.1443928e-12,-5.4783266e-07,-5.4783266e-07,-5.3857753e-07,-5.3857753e-07,-9.259279e-09,-9.259279e-09,-2.3427331e-10,-2.3427331e-10,-0.11623142,-0.11623142,-1.132017,-1.132017,-7.261912,-7.261912,-1.2452186,-1.2452186,-3.5907768,-3.5907768,-0.13237939,-0.13237939,0.016149615,0.016149615,-0.0023361268,-0.0023361268,-0.020910045,-0.020910045,4.653277,4.653277,-4.7296592,-4.7296592,4.077264e-06,4.077264e-06,-1.4950892e-16,-1.4950892e-16,-3.6933586e-19,-3.693363e-19,3.9022251e-16,3.9022302e-16,-3.8234513e-18,-3.8234513e-18,9.0208964e-16,9.0208964e-16,6.1171894e-07,2.678791e-10,2.3110749e-11,2.3110749e-11
-0.016152588,-0.016152588,-0.011680932,-0.011680932,-0.02783352,-0.02783352,0.1279123,0.1279123,0.14406489,0.14406489,0.040033156,0.040033596,-0.040033886,-0.040033886,0.040033596,0.040033596,-0.040033886,-0.040033886,-7.4779008e-09,-7.4779008e-09,1.6807297e-19,1.6807297e-19,1.7198205e-10,1.7198205e-10,-0.11623031,-0.11623031,-3.7217511e-06,-3.7217511e-06,-3.7217511e-06,-3.7217511e-06,-8.0284877e-07,-8.0284877e-07,0.031538367,0.031538367,-0.03153943,-0.03153943,0.0099287924,0.0099287924,-0.021609734,-0.021609734,0.021609574,0.021609574,-0.0099296961,-0.0099296961,-0.011680941,-0.011680941,0.011679878,0.011679878,-0.011680941,-0.011680941,0.011679878,0.011679878,-0.019857434,-0.019857434,-0.096372873,-0.096372873,-0.019857434,-0.019857434,-0.096372873,-0.096372873,1.7199288e-10,1.7199288e-10,-0.11623031,-0.11623031,-0.011680941,-0.011680941,0.011680932,0.011680932,-0.019857434,-0.019857434,-4.0490749e-12,-4.0490749e-12,-5.3523251e-07,-5.3523251e-07,-5.2619024e-07,-5.2619024e-07,-9.0463155e-09,-9.0463155e-09,-2.2888578e-10,-2.2888578e-10,-0.11623191,-0.11623191,-1.132149,-1.132149,-7.2619419,-7.2619419,-1.2453638,-1.2453638,-3.5907908,-3.5907908,-0.1323829,-0.1323829,0.016152588,0.016152588,-0.0023361882,-0.0023361882,-0.020910086,-0.020910086,4.6532984,4.6532984,-4.7296953,-4.7296953,3.9834869e-06,3.9834869e-06,-1.4950888e-16,-1.4950888e-16,-3.6933753e-19,-3.6933795e-19,3.9022241e-16,3.902229e-16,-3.8234218e-18,-3.8234218e-18,9.0208944e-16,9.0208944e-16,6.0560175e-07,2.6520031e-10,2.205988e-11,2.205988e-11
-0.016155492,-0.016155492,-0.011681233,-0.011681233,-0.027836725,-0.027836725,0.1279131,0.1279131,0.14406859,0.14406859,0.040034193,0.040034629,-0.040034913,-0.040034913,0.040034629,0.040034629,-0.040034913,-0.040034913,-7.3059091e-09,-7.3059091e-09,1.6813341e-19,1.6813341e-19,1.6802624e-10,1.6802624e-10,-0.11623083,-0.11623083,-3.6361508e-06,-3.6361508e-06,-3.6361509e-06,-3.6361509e-06,-7.8438325e-07,-7.8438325e-07,0.031539181,0.031539181,-0.03154022,-0.03154022,0.0099290477,0.0099290477,-0.021610289,-0.021610289,0.021610133,0.021610133,-0.0099299306,-0.0099299306,-0.011681241,-0.011681241,0.011680203,0.011680203,-0.011681241,-0.011681241,0.011680203,0.011680203,-0.019857948,-0.019857948,-0.096372882,-0.096372882,-0.019857948,-0.019857948,-0.096372882,-0.096372882,1.6803707e-10,1.6803707e-10,-0.11623083,-0.11623083,-0.011681241,-0.011681241,0.011681233,0.011681233,-0.019857948,-0.019857948,-3.9559494e-12,-3.9559494e-12,-5.2292216e-07,-5.2292216e-07,-5.1408787e-07,-5.1408787e-07,-8.8382502e-09,-8.8382502e-09,-2.2362216e-10,-2.2362216e-10,-0.1162324,-0.1162324,-1.132278,-1.132278,-7.261971,-7.261971,-1.2455056,-1.2455056,-3.5908044,-3.5908044,-0.13238632,-0.13238632,0.016155492,0.016155492,-0.0023362482,-0.0023362482,-0.020910126,-0.020910126,4.6533194,4.6533194,-4.7297305,-4.7297305,3.8918667e-06,3.8918667e-06,-1.4950885e-16,-1.4950885e-16,-3.6933916e-19,-3.6933956e-19,3.9022232e-16,3.9022278e-16,-3.823393e-18,-3.823393e-18,9.0208924e-16,9.0208924e-16,5.9954573e-07,2.625483e-10,2.1056795e-11,2.1056795e-11
-0.01615833,-0.01615833,-0.011681526,-0.011681526,-0.027839856,-0.027839856,0.12791388,0.12791388,0.14407221,0.14407221,0.040035207,0.040035638,-0.040035915,-0.040035915,0.040035638,0.040035638,-0.040035915,-0.040035915,-7.1378732e-09,-7.1378732e-09,1.6819246e-19,1.6819246e-19,1.6416141e-10,1.6416141e-10,-0.11623134,-0.11623134,-3.5525194e-06,-3.5525194e-06,-3.5525194e-06,-3.5525194e-06,-7.6634243e-07,-7.6634243e-07,0.031539977,0.031539977,-0.031540992,-0.031540992,0.0099292971,0.0099292971,-0.021610832,-0.021610832,0.02161068,0.02161068,-0.0099301598,-0.0099301598,-0.011681535,-0.011681535,0.01168052,0.01168052,-0.011681535,-0.011681535,0.01168052,0.01168052,-0.01985845,-0.01985845,-0.09637289,-0.09637289,-0.01985845,-0.01985845,-0.09637289,-0.09637289,1.6417225e-10,1.6417225e-10,-0.11623134,-0.11623134,-0.011681534,-0.011681534,0.011681526,0.011681526,-0.019858451,-0.019858451,-3.8649657e-12,-3.8649657e-12,-5.1089495e-07,-5.1089495e-07,-5.0226385e-07,-5.0226385e-07,-8.6349705e-09,-8.6349705e-09,-2.1847961e-10,-2.1847961e-10,-0.11623287,-0.11623287,-1.1324039,-1.1324039,-7.2619995,-7.2619995,-1.2456442,-1.2456442,-3.5908178,-3.5908178,-0.13238967,-0.13238967,0.01615833,0.01615833,-0.0023363069,-0.0023363069,-0.020910164,-0.020910164,4.6533398,4.6533398,-4.7297649,-4.7297649,3.8023538e-06,3.8023538e-06,-1.4950882e-16,-1.4950882e-16,-3.6934076e-19,-3.6934114e-19,3.9022222e-16,3.9022266e-16,-3.8233648e-18,-3.8233648e-18,9.0208905e-16,9.0208905e-16,5.9355027e-07,2.5992282e-10,2.0099322e-11,2.0099322e-11
-0.016161102,-0.016161102,-0.011681813,-0.011681813,-0.027842915,-0.027842915,0.12791464,0.12791464,0.14407575,0.14407575,0.040036197,0.040036624,-0.040036894,-0.040036894,0.040036624,0.040036624,-0.040036894,-0.040036894,-6.9737021e-09,-6.9737021e-09,1.6825015e-19,1.6825015e-19,1.6038548e-10,1.6038548e-10,-0.11623184,-0.11623184,-3.4708114e-06,-3.4708114e-06,-3.4708114e-06,-3.4708114e-06,-7.4871656e-07,-7.4871656e-07,0.031540754,0.031540754,-0.031541746,-0.031541746,0.0099295409,0.0099295409,-0.021611362,-0.021611362,0.021611213,0.021611213,-0.0099303836,-0.0099303836,-0.011681821,-0.011681821,0.01168083,0.01168083,-0.011681821,-0.011681821,0.01168083,0.01168083,-0.019858941,-0.019858941,-0.096372899,-0.096372899,-0.019858941,-0.019858941,-0.096372899,-0.096372899,1.6039631e-10,1.6039631e-10,-0.11623184,-0.11623184,-0.011681821,-0.011681821,0.011681813,0.011681813,-0.019858941,-0.019858941,-3.7760747e-12,-3.7760747e-12,-4.9914437e-07,-4.9914437e-07,-4.9071178e-07,-4.9071178e-07,-8.4363661e-09,-8.4363661e-09,-2.1345533e-10,-2.1345533e-10,-0.11623334,-0.11623334,-1.132527,-1.132527,-7.2620273,-7.2620273,-1.2457796,-1.2457796,-3.5908308,-3.5908308,-0.13239294,-0.13239294,0.016161102,0.016161102,-0.0023363642,-0.0023363642,-0.020910202,-0.020910202,4.6533598,4.6533598,-4.7297986,-4.7297986,3.7148997e-06,3.7148997e-06,-1.4950879e-16,-1.4950879e-16,-3.6934231e-19,-3.6934267e-19,3.9022213e-16,3.9022255e-16,-3.8233373e-18,-3.8233373e-18,9.0208886e-16,9.0208886e-16,5.8761477e-07,2.5732359e-10,1.9185386e-11,1.9185386e-11
-0.01616381,-0.01616381,-0.011682093,-0.011682093,-0.027845903,-0.027845903,0.12791539,0.12791539,0.1440792,0.1440792,0.040037164,0.040037587,-0.040037851,-0.040037851,0.040037587,0.040037587,-0.040037851,-0.040037851,-6.8133069e-09,-6.8133069e-09,1.6830651e-19,1.6830651e-19,1.5669639e-10,1.5669639e-10,-0.11623233,-0.11623233,-3.3909828e-06,-3.3909828e-06,-3.3909828e-06,-3.3909828e-06,-7.3149608e-07,-7.3149608e-07,0.031541514,0.031541514,-0.031542482,-0.031542482,0.0099297789,0.0099297789,-0.02161188,-0.02161188,0.021611735,0.021611735,-0.0099306024,-0.0099306024,-0.011682101,-0.011682101,0.011681132,0.011681132,-0.011682101,-0.011682101,0.011681132,0.011681132,-0.019859421,-0.019859421,-0.096372907,-0.096372907,-0.019859421,-0.019859421,-0.096372907,-0.096372907,1.5670722e-10,1.5670722e-10,-0.11623233,-0.11623233,-0.011682101,-0.011682101,0.011682093,0.011682093,-0.019859421,-0.019859421,-3.6892281e-12,-3.6892281e-12,-4.8766405e-07,-4.8766405e-07,-4.7942541e-07,-4.7942541e-07,-8.2423297e-09,-8.2423296e-09,-2.0854662e-10,-2.0854662e-10,-0.11623379,-0.11623379,-1.1326473,-1.1326473,-7.2620545,-7.2620545,-1.2459119,-1.2459119,-3.5908436,-3.5908436,-0.13239614,-0.13239614,0.016163811,0.016163811,-0.0023364202,-0.0023364202,-0.020910239,-0.020910239,4.6533793,4.6533793,-4.7298314,-4.7298314,3.629457e-06,3.629457e-06,-1.4950876e-16,-1.4950876e-16,-3.6934384e-19,-3.6934418e-19,3.9022204e-16,3.9022243e-16,-3.8233105e-18,-3.8233105e-18,9.0208867e-16,9.0208867e-16,5.8173862e-07,2.5475035e-10,1.8313007e-11,1.8313007e-11
-0.016166457,-0.016166457,-0.011682367,-0.011682367,-0.027848823,-0.027848823,0.12791612,0.12791612,0.14408257,0.14408257,0.040038109,0.040038528,-0.040038786,-0.040038786,0.040038528,0.040038528,-0.040038786,-0.040038786,-6.6566009e-09,-6.6566009e-09,1.6836158e-19,1.6836158e-19,1.5309215e-10,1.5309215e-10,-0.1162328,-0.1162328,-3.3129902e-06,-3.3129902e-06,-3.3129902e-06,-3.3129902e-06,-7.1467167e-07,-7.1467167e-07,0.031542256,0.031542256,-0.031543202,-0.031543202,0.0099300116,0.0099300116,-0.021612386,-0.021612386,0.021612244,0.021612244,-0.009930816,-0.009930816,-0.011682375,-0.011682375,0.011681428,0.011681428,-0.011682375,-0.011682375,0.011681428,0.011681428,-0.019859889,-0.019859889,-0.096372915,-0.096372915,-0.019859889,-0.019859889,-0.096372915,-0.096372915,1.5310298e-10,1.5310298e-10,-0.1162328,-0.1162328,-0.011682374,-0.011682374,0.011682367,0.011682367,-0.019859889,-0.019859889,-3.6043791e-12,-3.6043791e-12,-4.7644778e-07,-4.7644778e-07,-4.6839862e-07,-4.6839862e-07,-8.052756e-09,-8.052756e-09,-2.037508e-10,-2.037508e-10,-0.11623423,-0.11623423,-1.1327648,-1.1327648,-7.262081,-7.262081,-1.2460411,-1.2460411,-3.590856,-3.590856,-0.13239926,-0.13239926,0.016166457,0.016166457,-0.0023364749,-0.0023364749,-0.020910275,-0.020910275,4.6533984,4.6533984,-4.7298635,-4.7298635,3.5459795e-06,3.5459795e-06,-1.4950873e-16,-1.4950873e-16,-3.6934532e-19,-3.6934565e-19,3.9022195e-16,3.9022233e-16,-3.8232842e-18,-3.8232842e-18,9.0208849e-16,9.0208849e-16,5.7592124e-07,2.5220285e-10,1.7480296e-11,1.7480296e-11
-0.016169042,-0.016169042,-0.011682634,-0.011682634,-0.027851676,-0.027851676,0.12791683,0.12791683,0.14408587,0.14408587,0.040039033,0.040039447,-0.0400397,-0.0400397,0.040039447,0.040039447,-0.0400397,-0.0400397,-6.5034991e-09,-6.5034991e-09,1.6841538e-19,1.6841538e-19,1.4957081e-10,1.4957081e-10,-0.11623327,-0.11623327,-3.2367914e-06,-3.2367914e-06,-3.2367914e-06,-3.2367914e-06,-6.9823422e-07,-6.9823422e-07,0.031542981,0.031542981,-0.031543905,-0.031543905,0.0099302388,0.0099302388,-0.021612881,-0.021612881,0.021612742,0.021612742,-0.0099310248,-0.0099310248,-0.011682642,-0.011682642,0.011681717,0.011681717,-0.011682642,-0.011682642,0.011681717,0.011681717,-0.019860347,-0.019860347,-0.096372923,-0.096372923,-0.019860347,-0.019860347,-0.096372923,-0.096372923,1.4958164e-10,1.4958164e-10,-0.11623327,-0.11623327,-0.011682642,-0.011682642,0.011682634,0.011682634,-0.019860347,-0.019860347,-3.5214815e-12,-3.5214815e-12,-4.6548948e-07,-4.6548948e-07,-4.5762546e-07,-4.5762546e-07,-7.8675426e-09,-7.8675426e-09,-1.9906528e-10,-1.9906528e-10,-0.11623467,-0.11623467,-1.1328796,-1.1328796,-7.262107,-7.262107,-1.2461674,-1.2461674,-3.5908682,-3.5908682,-0.13240231,-0.13240231,0.016169042,0.016169042,-0.0023365283,-0.0023365283,-0.020910311,-0.020910311,4.653417,4.653417,-4.7298949,-4.7298949,3.4644219e-06,3.4644219e-06,-1.4950871e-16,-1.4950871e-16,-3.6934677e-19,-3.6934708e-19,3.9022186e-16,3.9022222e-16,-3.8232586e-18,-3.8232586e-18,9.0208832e-16,9.0208832e-16,5.7016202e-07,2.4968082e-10,1.668545e-11,1.668545e-11
-0.016171568,-0.016171568,-0.011682895,-0.011682895,-0.027854463,-0.027854463,0.12791752,0.12791752,0.14408909,0.14408909,0.040039935,0.040040345,-0.040040592,-0.040040592,0.040040346,0.040040346,-0.040040592,-0.040040592,-6.3539186e-09,-6.3539186e-09,1.6846794e-19,1.6846794e-19,1.4613045e-10,1.4613045e-10,-0.11623372,-0.11623372,-3.1623452e-06,-3.1623452e-06,-3.1623452e-06,-3.1623452e-06,-6.8217483e-07,-6.8217483e-07,0.031543689,0.031543689,-0.031544592,-0.031544592,0.0099304609,0.0099304609,-0.021613364,-0.021613364,0.021613228,0.021613228,-0.0099312288,-0.0099312288,-0.011682903,-0.011682903,0.011681999,0.011681999,-0.011682903,-0.011682903,0.011681999,0.011681999,-0.019860794,-0.019860794,-0.096372931,-0.096372931,-0.019860794,-0.019860794,-0.096372931,-0.096372931,1.4614129e-10,1.4614129e-10,-0.11623372,-0.11623372,-0.011682903,-0.011682903,0.011682895,0.011682895,-0.019860794,-0.019860794,-3.4404906e-12,-3.4404906e-12,-4.5478322e-07,-4.5478322e-07,-4.4710007e-07,-4.4710007e-07,-7.6865891e-09,-7.6865891e-09,-1.9448754e-10,-1.9448754e-10,-0.11623509,-0.11623509,-1.1329917,-1.1329917,-7.2621323,-7.2621323,-1.2462907,-1.2462907,-3.5908801,-3.5908801,-0.13240529,-0.13240529,0.016171568,0.016171568,-0.0023365805,-0.0023365805,-0.020910345,-0.020910345,4.6534353,4.6534353,-4.7299256,-4.7299256,3.3847402e-06,3.3847402e-06,-1.4950868e-16,-1.4950868e-16,-3.6934819e-19,-3.6934848e-19,3.9022177e-16,3.9022211e-16,-3.8232335e-18,-3.8232335e-18,9.0208815e-16,9.0208815e-16,5.644604e-07,2.4718401e-10,1.5926746e-11,1.5926746e-11
-0.016174036,-0.016174036,-0.011683151,-0.011683151,-0.027857186,-0.027857186,0.1279182,0.1279182,0.14409224,0.14409224,0.040040817,0.040041223,-0.040041464,-0.040041464,0.040041223,0.040041223,-0.040041464,-0.040041464,-6.2077785e-09,-6.2077785e-09,1.685193e-19,1.685193e-19,1.4276923e-10,1.4276923e-10,-0.11623417,-0.11623417,-3.0896112e-06,-3.0896112e-06,-3.0896113e-06,-3.0896113e-06,-6.6648481e-07,-6.6648481e-07,0.031544381,0.031544381,-0.031545264,-0.031545264,0.0099306778,0.0099306778,-0.021613836,-0.021613836,0.021613703,0.021613703,-0.009931428,-0.009931428,-0.011683158,-0.011683158,0.011682275,0.011682275,-0.011683158,-0.011683158,0.011682275,0.011682275,-0.019861231,-0.019861231,-0.096372938,-0.096372938,-0.019861231,-0.019861231,-0.096372938,-0.096372938,1.4278007e-10,1.4278007e-10,-0.11623417,-0.11623417,-0.011683158,-0.011683158,0.011683151,0.011683151,-0.019861231,-0.019861231,-3.3613625e-12,-3.3613625e-12,-4.4432321e-07,-4.4432321e-07,-4.3681677e-07,-4.3681677e-07,-7.5097975e-09,-7.5097975e-09,-1.9001508e-10,-1.9001508e-10,-0.1162355,-0.1162355,-1.1331013,-1.1331013,-7.2621571,-7.2621571,-1.2464113,-1.2464113,-3.5908917,-3.5908917,-0.1324082,-0.1324082,0.016174036,0.016174036,-0.0023366315,-0.0023366315,-0.020910379,-0.020910379,4.653453,4.653453,-4.7299555,-4.7299555,3.3068912e-06,3.3068912e-06,-1.4950865e-16,-1.4950865e-16,-3.6934957e-19,-3.6934985e-19,3.9022169e-16,3.9022201e-16,-3.8232091e-18,-3.8232091e-18,9.0208798e-16,9.0208798e-16,5.588158e-07,2.4471217e-10,1.5202541e-11,1.5202541e-11
-0.016176447,-0.016176447,-0.0116834,-0.0116834,-0.027859846,-0.027859846,0.12791887,0.12791887,0.14409531,0.14409531,0.040041678,0.04004208,-0.040042316,-0.040042316,0.04004208,0.04004208,-0.040042316,-0.040042316,-6.0649996e-09,-6.0649996e-09,1.6856947e-19,1.6856947e-19,1.3948532e-10,1.3948532e-10,-0.1162346,-0.1162346,-3.0185502e-06,-3.0185502e-06,-3.0185502e-06,-3.0185502e-06,-6.5115566e-07,-6.5115566e-07,0.031545057,0.031545057,-0.031545919,-0.031545919,0.0099308898,0.0099308898,-0.021614297,-0.021614297,0.021614167,0.021614167,-0.0099316227,-0.0099316227,-0.011683407,-0.011683407,0.011682545,0.011682545,-0.011683407,-0.011683407,0.011682545,0.011682545,-0.019861657,-0.019861657,-0.096372946,-0.096372946,-0.019861657,-0.019861657,-0.096372946,-0.096372946,1.3949615e-10,1.3949615e-10,-0.1162346,-0.1162346,-0.011683407,-0.011683407,0.0116834,0.0116834,-0.019861657,-0.019861657,-3.2840543e-12,-3.2840543e-12,-4.3410377e-07,-4.3410377e-07,-4.2676998e-07,-4.2676998e-07,-7.3370722e-09,-7.3370722e-09,-1.8564549e-10,-1.8564549e-10,-0.11623591,-0.11623591,-1.1332083,-1.1332083,-7.2621813,-7.2621813,-1.246529,-1.246529,-3.5909031,-3.5909031,-0.13241105,-0.13241105,0.016176447,0.016176447,-0.0023366814,-0.0023366814,-0.020910412,-0.020910412,4.6534704,4.6534704,-4.7299848,-4.7299848,3.2308327e-06,3.2308327e-06,-1.4950863e-16,-1.4950863e-16,-3.6935093e-19,-3.6935119e-19,3.902216e-16,3.9022191e-16,-3.8231851e-18,-3.8231851e-18,9.0208781e-16,9.0208781e-16,5.5322764e-07,2.4226505e-10,1.4511266e-11,1.4511266e-11
-0.016178802,-0.016178802,-0.011683643,-0.011683643,-0.027862446,-0.027862446,0.12791951,0.12791951,0.14409832,0.14409832,0.04004252,0.040042918,-0.040043148,-0.040043148,0.040042918,0.040042918,-0.040043148,-0.040043148,-5.9255046e-09,-5.9255046e-09,1.6861849e-19,1.6861849e-19,1.3627693e-10,1.3627693e-10,-0.11623503,-0.11623503,-2.9491235e-06,-2.9491235e-06,-2.9491235e-06,-2.9491235e-06,-6.3617908e-07,-6.3617908e-07,0.031545718,0.031545718,-0.03154656,-0.03154656,0.0099310968,0.0099310968,-0.021614747,-0.021614747,0.021614621,0.021614621,-0.0099318129,-0.0099318129,-0.01168365,-0.01168365,0.011682808,0.011682808,-0.01168365,-0.01168365,0.011682808,0.011682808,-0.019862074,-0.019862074,-0.096372953,-0.096372953,-0.019862074,-0.019862074,-0.096372953,-0.096372953,1.3628777e-10,1.3628777e-10,-0.11623503,-0.11623503,-0.01168365,-0.01168365,0.011683643,0.011683643,-0.019862074,-0.019862074,-3.2085243e-12,-3.2085243e-12,-4.2411939e-07,-4.2411939e-07,-4.1695427e-07,-4.1695427e-07,-7.1683195e-09,-7.1683195e-09,-1.813764e-10,-1.813764e-10,-0.1162363,-0.1162363,-1.1333129,-1.1333129,-7.2622049,-7.2622049,-1.2466441,-1.2466441,-3.5909141,-3.5909141,-0.13241383,-0.13241383,0.016178802,0.016178802,-0.0023367301,-0.0023367301,-0.020910444,-0.020910444,4.6534874,4.6534874,-4.7300134,-4.7300134,3.1565236e-06,3.1565236e-06,-1.495086e-16,-1.495086e-16,-3.6935225e-19,-3.693525e-19,3.9022152e-16,3.9022181e-16,-3.8231618e-18,-3.8231618e-18,9.0208765e-16,9.0208765e-16,5.4769536e-07,2.398424e-10,1.3851424e-11,1.3851424e-11
-0.016181104,-0.016181104,-0.011683881,-0.011683881,-0.027864985,-0.027864985,0.12792015,0.12792015,0.14410125,0.14410125,0.040043342,0.040043736,-0.040043961,-0.040043961,0.040043736,0.040043736,-0.040043961,-0.040043961,-5.789218e-09,-5.789218e-09,1.6866638e-19,1.6866638e-19,1.3314234e-10,1.3314234e-10,-0.11623544,-0.11623544,-2.8812937e-06,-2.8812937e-06,-2.8812937e-06,-2.8812937e-06,-6.2154696e-07,-6.2154696e-07,0.031546363,0.031546363,-0.031547186,-0.031547186,0.0099312991,0.0099312991,-0.021615187,-0.021615187,0.021615064,0.021615064,-0.0099319988,-0.0099319988,-0.011683888,-0.011683888,0.011683065,0.011683065,-0.011683888,-0.011683888,0.011683065,0.011683065,-0.019862482,-0.019862482,-0.09637296,-0.09637296,-0.019862482,-0.019862482,-0.09637296,-0.09637296,1.3315318e-10,1.3315318e-10,-0.11623544,-0.11623544,-0.011683888,-0.011683888,0.011683881,0.011683881,-0.019862482,-0.019862482,-3.1347314e-12,-3.1347314e-12,-4.1436464e-07,-4.1436464e-07,-4.0736432e-07,-4.0736432e-07,-7.0034481e-09,-7.0034481e-09,-1.7720549e-10,-1.7720549e-10,-0.11623668,-0.11623668,-1.1334151,-1.1334151,-7.262228,-7.262228,-1.2467565,-1.2467565,-3.590925,-3.590925,-0.13241655,-0.13241655,0.016181104,0.016181104,-0.0023367776,-0.0023367776,-0.020910475,-0.020910475,4.653504,4.653504,-4.7300413,-4.7300413,3.0839235e-06,3.0839235e-06,-1.4950858e-16,-1.4950858e-16,-3.6935353e-19,-3.6935377e-19,3.9022144e-16,3.9022172e-16,-3.823139e-18,-3.823139e-18,9.020875e-16,9.020875e-16,5.4221841e-07,2.3744398e-10,1.3221586e-11,1.3221586e-11
-0.016183352,-0.016183352,-0.011684114,-0.011684114,-0.027867466,-0.027867466,0.12792076,0.12792076,0.14410412,0.14410412,0.040044146,0.040044536,-0.040044755,-0.040044755,0.040044536,0.040044536,-0.040044755,-0.040044755,-5.656066e-09,-5.656066e-09,1.6871318e-19,1.6871318e-19,1.3007984e-10,1.3007984e-10,-0.11623585,-0.11623585,-2.8150239e-06,-2.8150239e-06,-2.8150239e-06,-2.8150239e-06,-6.0725138e-07,-6.0725138e-07,0.031546994,0.031546994,-0.031547798,-0.031547798,0.0099314968,0.0099314968,-0.021615617,-0.021615617,0.021615497,0.021615497,-0.0099321804,-0.0099321804,-0.011684121,-0.011684121,0.011683316,0.011683316,-0.011684121,-0.011684121,0.011683316,0.011683316,-0.01986288,-0.01986288,-0.096372967,-0.096372967,-0.01986288,-0.01986288,-0.096372967,-0.096372967,1.3009068e-10,1.3009068e-10,-0.11623585,-0.11623585,-0.011684121,-0.011684121,0.011684114,0.011684114,-0.01986288,-0.01986288,-3.0626357e-12,-3.0626357e-12,-4.0483425e-07,-4.0483425e-07,-3.9799495e-07,-3.9799495e-07,-6.8423688e-09,-6.8423688e-09,-1.7313052e-10,-1.7313052e-10,-0.11623706,-0.11623706,-1.1335149,-1.1335149,-7.2622505,-7.2622505,-1.2468663,-1.2468663,-3.5909356,-3.5909356,-0.1324192,-0.1324192,0.016183352,0.016183352,-0.0023368241,-0.0023368241,-0.020910506,-0.020910506,4.6535202,4.6535202,-4.7300686,-4.7300686,3.0129933e-06,3.0129933e-06,-1.4950855e-16,-1.4950855e-16,-3.6935479e-19,-3.6935502e-19,3.9022136e-16,3.9022162e-16,-3.8231167e-18,-3.8231167e-18,9.0208734e-16,9.0208734e-16,5.3679623e-07,2.3506954e-10,1.2620387e-11,1.2620387e-11
-0.016185549,-0.016185549,-0.011684341,-0.011684341,-0.02786989,-0.02786989,0.12792137,0.12792137,0.14410692,0.14410692,0.040044931,0.040045317,-0.040045531,-0.040045531,0.040045317,0.040045317,-0.040045531,-0.040045531,-5.5259764e-09,-5.5259764e-09,1.6875889e-19,1.6875889e-19,1.2708778e-10,1.2708778e-10,-0.11623624,-0.11623624,-2.7502784e-06,-2.7502784e-06,-2.7502784e-06,-2.7502784e-06,-5.932846e-07,-5.932846e-07,0.03154761,0.03154761,-0.031548395,-0.031548395,0.0099316899,0.0099316899,-0.021616038,-0.021616038,0.02161592,0.02161592,-0.0099323577,-0.0099323577,-0.011684348,-0.011684348,0.011683562,0.011683562,-0.011684348,-0.011684348,0.011683562,0.011683562,-0.019863268,-0.019863268,-0.096372973,-0.096372973,-0.019863268,-0.019863268,-0.096372973,-0.096372973,1.2709862e-10,1.2709862e-10,-0.11623624,-0.11623624,-0.011684348,-0.011684348,0.011684341,0.011684341,-0.019863269,-0.019863269,-2.9921983e-12,-2.9921983e-12,-3.9552307e-07,-3.9552307e-07,-3.8884106e-07,-3.8884106e-07,-6.6849943e-09,-6.6849943e-09,-1.6914927e-10,-1.6914927e-10,-0.11623743,-0.11623743,-1.1336124,-1.1336124,-7.2622726,-7.2622726,-1.2469736,-1.2469736,-3.5909459,-3.5909459,-0.13242179,-0.13242179,0.016185549,0.016185549,-0.0023368695,-0.0023368695,-0.020910536,-0.020910536,4.653536,4.653536,-4.7300952,-4.7300952,2.9436944e-06,2.9436944e-06,-1.4950853e-16,-1.4950853e-16,-3.6935602e-19,-3.6935624e-19,3.9022128e-16,3.9022153e-16,-3.8230949e-18,-3.8230949e-18,9.020872e-16,9.020872e-16,5.3142826e-07,2.3271884e-10,1.2046526e-11,1.2046526e-11
-0.016187695,-0.016187695,-0.011684563,-0.011684563,-0.027872258,-0.027872258,0.12792196,0.12792196,0.14410965,0.14410965,0.040045698,0.04004608,-0.04004629,-0.04004629,0.04004608,0.04004608,-0.04004629,-0.04004629,-5.398879e-09,-5.398879e-09,1.6880355e-19,1.6880355e-19,1.2416454e-10,1.2416454e-10,-0.11623663,-0.11623663,-2.687022e-06,-2.687022e-06,-2.687022e-06,-2.687022e-06,-5.7963905e-07,-5.7963905e-07,0.031548212,0.031548212,-0.031548979,-0.031548979,0.0099318786,0.0099318786,-0.021616448,-0.021616448,0.021616333,0.021616333,-0.009932531,-0.009932531,-0.01168457,-0.01168457,0.011683802,0.011683802,-0.01168457,-0.01168457,0.011683802,0.011683802,-0.019863648,-0.019863648,-0.09637298,-0.09637298,-0.019863648,-0.019863648,-0.09637298,-0.09637298,1.2417538e-10,1.2417538e-10,-0.11623663,-0.11623663,-0.011684569,-0.011684569,0.011684563,0.011684563,-0.019863648,-0.019863648,-2.9233809e-12,-2.9233809e-12,-3.8642603e-07,-3.8642603e-07,-3.7989772e-07,-3.7989772e-07,-6.5312394e-09,-6.5312394e-09,-1.652596e-10,-1.652596e-10,-0.11623779,-0.11623779,-1.1337077,-1.1337077,-7.2622941,-7.2622941,-1.2470784,-1.2470784,-3.590956,-3.590956,-0.13242432,-0.13242432,0.016187695,0.016187695,-0.0023369139,-0.0023369139,-0.020910565,-0.020910565,4.6535515,4.6535515,-4.7301213,-4.7301213,2.8759895e-06,2.8759895e-06,-1.4950851e-16,-1.4950851e-16,-3.6935723e-19,-3.6935743e-19,3.9022121e-16,3.9022144e-16,-3.8230736e-18,-3.8230736e-18,9.0208705e-16,9.0208705e-16,5.2611398e-07,2.3039165e-10,1.1498758e-11,1.1498758e-11
-0.016189792,-0.016189792,-0.01168478,-0.01168478,-0.027874572,-0.027874572,0.12792254,0.12792254,0.14411233,0.14411233,0.040046447,0.040046826,-0.04004703,-0.04004703,0.040046826,0.040046826,-0.04004703,-0.04004703,-5.2747048e-09,-5.2747048e-09,1.6884719e-19,1.6884719e-19,1.2130853e-10,1.2130853e-10,-0.11623701,-0.11623701,-2.6252205e-06,-2.6252205e-06,-2.6252205e-06,-2.6252205e-06,-5.6630736e-07,-5.6630736e-07,0.0315488,0.0315488,-0.031549549,-0.031549549,0.0099320629,0.0099320629,-0.021616849,-0.021616849,0.021616737,0.021616737,-0.0099327004,-0.0099327004,-0.011684786,-0.011684786,0.011684036,0.011684036,-0.011684786,-0.011684786,0.011684036,0.011684036,-0.01986402,-0.01986402,-0.096372986,-0.096372986,-0.01986402,-0.01986402,-0.096372986,-0.096372986,1.2131937e-10,1.2131937e-10,-0.11623701,-0.11623701,-0.011684786,-0.011684786,0.01168478,0.01168478,-0.01986402,-0.01986402,-2.8561463e-12,-2.8561463e-12,-3.7753824e-07,-3.7753824e-07,-3.7116007e-07,-3.7116007e-07,-6.3810208e-09,-6.3810208e-09,-1.6145938e-10,-1.6145938e-10,-0.11623814,-0.11623814,-1.1338008,-1.1338008,-7.2623152,-7.2623152,-1.2471808,-1.2471808,-3.5909659,-3.5909659,-0.1324268,-0.1324268,0.016189792,0.016189792,-0.0023369572,-0.0023369572,-0.020910594,-0.020910594,4.6535666,4.6535666,-4.7301467,-4.7301467,2.8098417e-06,2.8098417e-06,-1.4950848e-16,-1.4950848e-16,-3.693584e-19,-3.6935859e-19,3.9022113e-16,3.9022136e-16,-3.8230528e-18,-3.8230528e-18,9.0208691e-16,9.0208691e-16,5.2085284e-07,2.2808774e-10,1.0975898e-11,1.0975898e-11
-0.01619184,-0.01619184,-0.011684992,-0.011684992,-0.027876832,-0.027876832,0.1279231,0.1279231,0.14411494,0.14411494,0.040047179,0.040047554,-0.040047754,-0.040047754,0.040047554,0.040047554,-0.040047754,-0.040047754,-5.1533866e-09,-5.1533866e-09,1.6888982e-19,1.6888982e-19,1.1851822e-10,1.1851822e-10,-0.11623737,-0.11623737,-2.5648404e-06,-2.5648404e-06,-2.5648404e-06,-2.5648404e-06,-5.5328229e-07,-5.5328229e-07,0.031549374,0.031549374,-0.031550107,-0.031550107,0.009932243,0.009932243,-0.021617241,-0.021617241,0.021617131,0.021617131,-0.0099328658,-0.0099328658,-0.011684998,-0.011684998,0.011684265,0.011684265,-0.011684998,-0.011684998,0.011684265,0.011684265,-0.019864382,-0.019864382,-0.096372992,-0.096372992,-0.019864382,-0.019864382,-0.096372992,-0.096372992,1.1852906e-10,1.1852906e-10,-0.11623737,-0.11623737,-0.011684998,-0.011684998,0.011684992,0.011684992,-0.019864382,-0.019864382,-2.7904581e-12,-2.7904581e-12,-3.6885486e-07,-3.6885486e-07,-3.6262339e-07,-3.6262339e-07,-6.2342573e-09,-6.2342573e-09,-1.5774657e-10,-1.5774657e-10,-0.11623848,-0.11623848,-1.1338918,-1.1338918,-7.2623357,-7.2623357,-1.2472808,-1.2472808,-3.5909755,-3.5909755,-0.13242922,-0.13242922,0.01619184,0.01619184,-0.0023369996,-0.0023369996,-0.020910622,-0.020910622,4.6535814,4.6535814,-4.7301716,-4.7301716,2.7452153e-06,2.7452153e-06,-1.4950846e-16,-1.4950846e-16,-3.6935955e-19,-3.6935973e-19,3.9022106e-16,3.9022127e-16,-3.8230325e-18,-3.8230325e-18,9.0208677e-16,9.0208677e-16,5.1564431e-07,2.2580686e-10,1.0476813e-11,1.0476813e-11
-0.016193842,-0.016193842,-0.011685199,-0.011685199,-0.027879041,-0.027879041,0.12792365,0.12792365,0.14411749,0.14411749,0.040047895,0.040048266,-0.040048461,-0.040048461,0.040048266,0.040048266,-0.040048461,-0.040048461,-5.0348587e-09,-5.0348587e-09,1.6893147e-19,1.6893147e-19,1.1579207e-10,1.1579207e-10,-0.11623774,-0.11623774,-2.5058491e-06,-2.5058491e-06,-2.5058491e-06,-2.5058491e-06,-5.4055679e-07,-5.4055679e-07,0.031549935,0.031549935,-0.031550651,-0.031550651,0.0099324189,0.0099324189,-0.021617624,-0.021617624,0.021617516,0.021617516,-0.0099330274,-0.0099330274,-0.011685205,-0.011685205,0.011684489,0.011684489,-0.011685205,-0.011685205,0.011684489,0.011684489,-0.019864736,-0.019864736,-0.096372998,-0.096372998,-0.019864736,-0.019864736,-0.096372998,-0.096372998,1.1580291e-10,1.1580291e-10,-0.11623774,-0.11623774,-0.011685205,-0.011685205,0.011685199,0.011685199,-0.019864737,-0.019864737,-2.7262808e-12,-2.7262808e-12,-3.6037119e-07,-3.6037119e-07,-3.5428305e-07,-3.5428305e-07,-6.0908694e-09,-6.0908694e-09,-1.5411915e-10,-1.5411915e-10,-0.11623882,-0.11623882,-1.1339806,-1.1339806,-7.2623558,-7.2623558,-1.2473786,-1.2473786,-3.5909849,-3.5909849,-0.13243158,-0.13243158,0.016193842,0.016193842,-0.0023370409,-0.0023370409,-0.020910649,-0.020910649,4.6535958,4.6535958,-4.7301959,-4.7301959,2.6820754e-06,2.6820754e-06,-1.4950844e-16,-1.4950844e-16,-3.6936067e-19,-3.6936084e-19,3.9022099e-16,3.9022119e-16,-3.8230126e-18,-3.8230126e-18,9.0208663e-16,9.0208663e-16,5.1048787e-07,2.2354879e-10,1.0000422e-11,1.0000422e-11
-0.016195797,-0.016195797,-0.011685401,-0.011685401,-0.027881198,-0.027881198,0.12792419,0.12792419,0.14411998,0.14411998,0.040048594,0.040048961,-0.040049152,-0.040049152,0.040048961,0.040048961,-0.040049152,-0.040049152,-4.9190569e-09,-4.9190569e-09,1.6897217e-19,1.6897217e-19,1.1312863e-10,1.1312863e-10,-0.11623809,-0.11623809,-2.4482145e-06,-2.4482145e-06,-2.4482146e-06,-2.4482146e-06,-5.2812399e-07,-5.2812399e-07,0.031550484,0.031550484,-0.031551183,-0.031551183,0.0099325908,0.0099325908,-0.021617998,-0.021617998,0.021617893,0.021617893,-0.0099331853,-0.0099331853,-0.011685407,-0.011685407,0.011684708,0.011684708,-0.011685407,-0.011685407,0.011684708,0.011684708,-0.019865083,-0.019865083,-0.096373004,-0.096373004,-0.019865083,-0.019865083,-0.096373004,-0.096373004,1.1313947e-10,1.1313947e-10,-0.11623809,-0.11623809,-0.011685407,-0.011685407,0.011685401,0.011685401,-0.019865083,-0.019865083,-2.6635795e-12,-2.6635795e-12,-3.5208266e-07,-3.5208266e-07,-3.4613454e-07,-3.4613454e-07,-5.9507794e-09,-5.9507794e-09,-1.5057517e-10,-1.5057517e-10,-0.11623914,-0.11623914,-1.1340674,-1.1340674,-7.2623754,-7.2623754,-1.2474741,-1.2474741,-3.5909941,-3.5909941,-0.13243388,-0.13243388,0.016195797,0.016195797,-0.0023370814,-0.0023370814,-0.020910676,-0.020910676,4.6536099,4.6536099,-4.7302196,-4.7302196,2.6203877e-06,2.6203877e-06,-1.4950842e-16,-1.4950842e-16,-3.6936176e-19,-3.6936193e-19,3.9022091e-16,3.9022111e-16,-3.8229932e-18,-3.8229932e-18,9.020865e-16,9.020865e-16,5.0538299e-07,2.213133e-10,9.5456926e-12,9.5456926e-12
-0.016197708,-0.016197708,-0.011685599,-0.011685599,-0.027883307,-0.027883307,0.12792471,0.12792471,0.14412242,0.14412242,0.040049277,0.040049641,-0.040049827,-0.040049827,0.040049641,0.040049641,-0.040049827,-0.040049827,-4.8059186e-09,-4.8059186e-09,1.6901192e-19,1.6901192e-19,1.1052645e-10,1.1052645e-10,-0.11623843,-0.11623843,-2.3919056e-06,-2.3919056e-06,-2.3919056e-06,-2.3919056e-06,-5.1597714e-07,-5.1597714e-07,0.031551019,0.031551019,-0.031551703,-0.031551703,0.0099327588,0.0099327588,-0.021618363,-0.021618363,0.021618261,0.021618261,-0.0099333396,-0.0099333396,-0.011685604,-0.011685604,0.011684921,0.011684921,-0.011685604,-0.011685604,0.011684921,0.011684921,-0.019865421,-0.019865421,-0.09637301,-0.09637301,-0.019865421,-0.019865421,-0.09637301,-0.09637301,1.1053729e-10,1.1053729e-10,-0.11623843,-0.11623843,-0.011685604,-0.011685604,0.011685599,0.011685599,-0.019865421,-0.019865421,-2.6023203e-12,-2.6023203e-12,-3.4398476e-07,-3.4398476e-07,-3.3817345e-07,-3.3817345e-07,-5.8139114e-09,-5.8139114e-09,-1.4711269e-10,-1.4711269e-10,-0.11623946,-0.11623946,-1.1341523,-1.1341523,-7.2623946,-7.2623946,-1.2475674,-1.2475674,-3.5910031,-3.5910031,-0.13243614,-0.13243614,0.016197708,0.016197708,-0.0023371208,-0.0023371208,-0.020910702,-0.020910702,4.6536237,4.6536237,-4.7302428,-4.7302428,2.5601187e-06,2.5601187e-06,-1.495084e-16,-1.495084e-16,-3.6936283e-19,-3.6936299e-19,3.9022085e-16,3.9022103e-16,-3.8229743e-18,-3.8229743e-18,9.0208637e-16,9.0208637e-16,5.0032916e-07,2.1910017e-10,9.1116404e-12,9.1116404e-12
-0.016199574,-0.016199574,-0.011685792,-0.011685792,-0.027885366,-0.027885366,0.12792523,0.12792523,0.1441248,0.1441248,0.040049944,0.040050304,-0.040050487,-0.040050487,0.040050305,0.040050305,-0.040050487,-0.040050487,-4.6953825e-09,-4.6953825e-09,1.6905077e-19,1.6905077e-19,1.0798412e-10,1.0798412e-10,-0.11623877,-0.11623877,-2.3368918e-06,-2.3368918e-06,-2.3368918e-06,-2.3368918e-06,-5.0410966e-07,-5.0410966e-07,0.031551543,0.031551543,-0.03155221,-0.03155221,0.0099329229,0.0099329229,-0.02161872,-0.02161872,0.02161862,0.02161862,-0.0099334903,-0.0099334903,-0.011685797,-0.011685797,0.01168513,0.01168513,-0.011685797,-0.011685797,0.01168513,0.01168513,-0.019865751,-0.019865751,-0.096373016,-0.096373016,-0.019865751,-0.019865751,-0.096373016,-0.096373016,1.0799496e-10,1.0799496e-10,-0.11623877,-0.11623877,-0.011685797,-0.011685797,0.011685792,0.011685792,-0.019865751,-0.019865751,-2.5424701e-12,-2.5424701e-12,-3.3607311e-07,-3.3607311e-07,-3.3039546e-07,-3.3039546e-07,-5.6801914e-09,-5.6801914e-09,-1.4372986e-10,-1.4372986e-10,-0.11623978,-0.11623978,-1.1342351,-1.1342351,-7.2624133,-7.2624133,-1.2476585,-1.2476585,-3.5910119,-3.5910119,-0.13243834,-0.13243834,0.016199574,0.016199574,-0.0023371594,-0.0023371594,-0.020910728,-0.020910728,4.6536371,4.6536371,-4.7302654,-4.7302654,2.501236e-06,2.501236e-06,-1.4950838e-16,-1.4950838e-16,-3.6936387e-19,-3.6936402e-19,3.9022078e-16,3.9022095e-16,-3.8229558e-18,-3.8229558e-18,9.0208624e-16,9.0208624e-16,4.9532587e-07,2.1690917e-10,8.697325e-12,8.697325e-12
-0.016201398,-0.016201398,-0.01168598,-0.01168598,-0.027887378,-0.027887378,0.12792573,0.12792573,0.14412713,0.14412713,0.040050596,0.040050953,-0.040051131,-0.040051131,0.040050953,0.040050953,-0.040051131,-0.040051131,-4.5873887e-09,-4.5873887e-09,1.6908872e-19,1.6908872e-19,1.0550026e-10,1.0550026e-10,-0.1162391,-0.1162391,-2.2831433e-06,-2.2831433e-06,-2.2831433e-06,-2.2831433e-06,-4.9251514e-07,-4.9251514e-07,0.031552054,0.031552054,-0.031552706,-0.031552706,0.0099330832,0.0099330832,-0.021619069,-0.021619069,0.021618971,0.021618971,-0.0099336376,-0.0099336376,-0.011685986,-0.011685986,0.011685333,0.011685333,-0.011685986,-0.011685986,0.011685333,0.011685333,-0.019866074,-0.019866074,-0.096373021,-0.096373021,-0.019866074,-0.019866074,-0.096373021,-0.096373021,1.0551111e-10,1.0551111e-10,-0.1162391,-0.1162391,-0.011685986,-0.011685986,0.01168598,0.01168598,-0.019866074,-0.019866074,-2.4839965e-12,-2.4839965e-12,-3.2834343e-07,-3.2834343e-07,-3.2279636e-07,-3.2279636e-07,-5.549547e-09,-5.549547e-09,-1.4042482e-10,-1.4042482e-10,-0.11624008,-0.11624008,-1.1343161,-1.1343161,-7.2624316,-7.2624316,-1.2477476,-1.2477476,-3.5910205,-3.5910205,-0.13244049,-0.13244049,0.016201398,0.016201398,-0.0023371971,-0.0023371971,-0.020910752,-0.020910752,4.6536503,4.6536503,-4.7302876,-4.7302876,2.4437076e-06,2.4437076e-06,-1.4950836e-16,-1.4950836e-16,-3.6936489e-19,-3.6936504e-19,3.9022071e-16,3.9022088e-16,-3.8229377e-18,-3.8229377e-18,9.0208612e-16,9.0208612e-16,4.9037261e-07,2.1474008e-10,8.3018489e-12,8.3018489e-12
-0.01620318,-0.01620318,-0.011686165,-0.011686165,-0.027889344,-0.027889344,0.12792622,0.12792622,0.1441294,0.1441294,0.040051233,0.040051586,-0.04005176,-0.04005176,0.040051587,0.040051587,-0.04005176,-0.04005176,-4.4818788e-09,-4.4818788e-09,1.6912579e-19,1.6912579e-19,1.0307353e-10,1.0307353e-10,-0.11623942,-0.11623942,-2.230631e-06,-2.230631e-06,-2.230631e-06,-2.230631e-06,-4.8118729e-07,-4.8118729e-07,0.031552554,0.031552554,-0.031553191,-0.031553191,0.0099332398,0.0099332398,-0.02161941,-0.02161941,0.021619314,0.021619314,-0.0099337815,-0.0099337815,-0.01168617,-0.01168617,0.011685533,0.011685533,-0.01168617,-0.01168617,0.011685533,0.011685533,-0.019866389,-0.019866389,-0.096373027,-0.096373027,-0.019866389,-0.019866389,-0.096373027,-0.096373027,1.0308438e-10,1.0308438e-10,-0.11623942,-0.11623942,-0.01168617,-0.01168617,0.011686165,0.011686165,-0.019866389,-0.019866389,-2.4268678e-12,-2.4268678e-12,-3.2079153e-07,-3.2079153e-07,-3.1537204e-07,-3.1537204e-07,-5.4219074e-09,-5.4219074e-09,-1.3719581e-10,-1.3719581e-10,-0.11624038,-0.11624038,-1.1343952,-1.1343952,-7.2624495,-7.2624495,-1.2478346,-1.2478346,-3.5910289,-3.5910289,-0.1324426,-0.1324426,0.01620318,0.01620318,-0.002337234,-0.002337234,-0.020910777,-0.020910777,4.6536631,4.6536631,-4.7303092,-4.7303092,2.3875023e-06,2.3875023e-06,-1.4950834e-16,-1.4950834e-16,-3.6936589e-19,-3.6936602e-19,3.9022064e-16,3.902208e-16,-3.82292e-18,-3.82292e-18,9.02086e-16,9.02086e-16,4.8546889e-07,2.1259268e-10,7.9243556e-12,7.9243556e-12
-0.01620492,-0.01620492,-0.011686345,-0.011686345,-0.027891265,-0.027891265,0.1279267,0.1279267,0.14413162,0.14413162,0.040051856,0.040052205,-0.040052375,-0.040052375,0.040052205,0.040052205,-0.040052375,-0.040052375,-4.3787956e-09,-4.3787956e-09,1.6916202e-19,1.6916202e-19,1.0070262e-10,1.0070262e-10,-0.11623973,-0.11623973,-2.1793265e-06,-2.1793265e-06,-2.1793265e-06,-2.1793265e-06,-4.7011998e-07,-4.7011998e-07,0.031553042,0.031553042,-0.031553665,-0.031553665,0.0099333928,0.0099333928,-0.021619743,-0.021619743,0.021619649,0.021619649,-0.009933922,-0.009933922,-0.01168635,-0.01168635,0.011685727,0.011685727,-0.01168635,-0.01168635,0.011685727,0.011685727,-0.019866697,-0.019866697,-0.096373032,-0.096373032,-0.019866697,-0.019866697,-0.096373032,-0.096373032,1.0071346e-10,1.0071346e-10,-0.11623973,-0.11623973,-0.01168635,-0.01168635,0.011686345,0.011686345,-0.019866698,-0.019866698,-2.371053e-12,-2.371053e-12,-3.1341332e-07,-3.1341332e-07,-3.0811849e-07,-3.0811849e-07,-5.2972035e-09,-5.2972035e-09,-1.3404106e-10,-1.3404106e-10,-0.11624067,-0.11624067,-1.1344725,-1.1344725,-7.2624669,-7.2624669,-1.2479196,-1.2479196,-3.5910371,-3.5910371,-0.13244465,-0.13244465,0.01620492,0.01620492,-0.0023372699,-0.0023372699,-0.020910801,-0.020910801,4.6536757,4.6536757,-4.7303303,-4.7303303,2.3325898e-06,2.3325898e-06,-1.4950832e-16,-1.4950832e-16,-3.6936686e-19,-3.6936699e-19,3.9022058e-16,3.9022073e-16,-3.8229027e-18,-3.8229027e-18,9.0208588e-16,9.0208588e-16,4.806142e-07,2.1046675e-10,7.5640272e-12,7.5640272e-12
-0.016206621,-0.016206621,-0.01168652,-0.01168652,-0.027893142,-0.027893142,0.12792716,0.12792716,0.14413379,0.14413379,0.040052464,0.04005281,-0.040052976,-0.040052976,0.04005281,0.04005281,-0.040052976,-0.040052976,-4.2780833e-09,-4.2780833e-09,1.6919741e-19,1.6919741e-19,9.8386238e-11,9.8386238e-11,-0.11624004,-0.11624004,-2.1292019e-06,-2.1292019e-06,-2.129202e-06,-2.129202e-06,-4.5930722e-07,-4.5930722e-07,0.031553519,0.031553519,-0.031554127,-0.031554127,0.0099335423,0.0099335423,-0.021620068,-0.021620068,0.021619977,0.021619977,-0.0099340593,-0.0099340593,-0.011686526,-0.011686526,0.011685917,0.011685917,-0.011686526,-0.011686526,0.011685917,0.011685917,-0.019866998,-0.019866998,-0.096373037,-0.096373037,-0.019866998,-0.019866998,-0.096373037,-0.096373037,9.839708e-11,9.839708e-11,-0.11624004,-0.11624004,-0.011686525,-0.011686525,0.01168652,0.01168652,-0.019866999,-0.019866999,-2.3165219e-12,-2.3165219e-12,-3.0620482e-07,-3.0620482e-07,-3.0103176e-07,-3.0103176e-07,-5.1753678e-09,-5.1753678e-09,-1.3095887e-10,-1.3095887e-10,-0.11624095,-0.11624095,-1.134548,-1.134548,-7.262484,-7.262484,-1.2480027,-1.2480027,-3.5910451,-3.5910451,-0.13244666,-0.13244666,0.016206621,0.016206621,-0.0023373051,-0.0023373051,-0.020910824,-0.020910824,4.6536879,4.6536879,-4.7303509,-4.7303509,2.2789402e-06,2.2789402e-06,-1.495083e-16,-1.495083e-16,-3.6936781e-19,-3.6936793e-19,3.9022052e-16,3.9022066e-16,-3.8228859e-18,-3.8228859e-18,9.0208576e-16,9.0208576e-16,4.7580805e-07,2.0836208e-10,7.2200833e-12,7.2200833e-12
-0.016208283,-0.016208283,-0.011686692,-0.011686692,-0.027894975,-0.027894975,0.12792762,0.12792762,0.1441359,0.1441359,0.040053058,0.040053401,-0.040053563,-0.040053563,0.040053401,0.040053401,-0.040053563,-0.040053563,-4.1796873e-09,-4.1796873e-09,1.6923199e-19,1.6923199e-19,9.6123132e-11,9.6123132e-11,-0.11624034,-0.11624034,-2.0802303e-06,-2.0802303e-06,-2.0802303e-06,-2.0802303e-06,-4.4874316e-07,-4.4874316e-07,0.031553985,0.031553985,-0.031554579,-0.031554579,0.0099336884,0.0099336884,-0.021620386,-0.021620386,0.021620296,0.021620296,-0.0099341935,-0.0099341935,-0.011686697,-0.011686697,0.011686103,0.011686103,-0.011686697,-0.011686697,0.011686103,0.011686103,-0.019867293,-0.019867293,-0.096373042,-0.096373042,-0.019867293,-0.019867293,-0.096373042,-0.096373042,9.6133974e-11,9.6133974e-11,-0.11624034,-0.11624034,-0.011686697,-0.011686697,0.011686692,0.011686692,-0.019867293,-0.019867293,-2.2632451e-12,-2.2632451e-12,-2.991621e-07,-2.991621e-07,-2.9410803e-07,-2.9410803e-07,-5.0563343e-09,-5.0563343e-09,-1.2794757e-10,-1.2794757e-10,-0.11624123,-0.11624123,-1.1346218,-1.1346218,-7.2625007,-7.2625007,-1.2480838,-1.2480838,-3.5910529,-3.5910529,-0.13244862,-0.13244862,0.016208283,0.016208283,-0.0023373394,-0.0023373394,-0.020910846,-0.020910846,4.6536999,4.6536999,-4.7303711,-4.7303711,2.2265246e-06,2.2265246e-06,-1.4950828e-16,-1.4950828e-16,-3.6936874e-19,-3.6936886e-19,3.9022046e-16,3.9022059e-16,-3.8228694e-18,-3.8228694e-18,9.0208565e-16,9.0208565e-16,4.7104997e-07,2.0627846e-10,6.8917789e-12,6.8917789e-12
-0.016209906,-0.016209906,-0.01168686,-0.01168686,-0.027896766,-0.027896766,0.12792807,0.12792807,0.14413797,0.14413797,0.040053639,0.040053978,-0.040054137,-0.040054137,0.040053978,0.040053978,-0.040054137,-0.040054137,-4.0835545e-09,-4.0835545e-09,1.6926577e-19,1.6926577e-19,9.3912077e-11,9.3912077e-11,-0.11624063,-0.11624063,-2.032385e-06,-2.032385e-06,-2.032385e-06,-2.032385e-06,-4.3842207e-07,-4.3842207e-07,0.03155444,0.03155444,-0.031555021,-0.031555021,0.0099338311,0.0099338311,-0.021620696,-0.021620696,0.021620609,0.021620609,-0.0099343246,-0.0099343246,-0.011686865,-0.011686865,0.011686284,0.011686284,-0.011686865,-0.011686865,0.011686284,0.011686284,-0.01986758,-0.01986758,-0.096373047,-0.096373047,-0.01986758,-0.01986758,-0.096373047,-0.096373047,9.392292e-11,9.392292e-11,-0.11624063,-0.11624063,-0.011686865,-0.011686865,0.01168686,0.01168686,-0.01986758,-0.01986758,-2.2111936e-12,-2.2111936e-12,-2.9228138e-07,-2.9228138e-07,-2.8734355e-07,-2.8734355e-07,-4.9400386e-09,-4.9400386e-09,-1.2500553e-10,-1.2500553e-10,-0.1162415,-0.1162415,-1.1346938,-1.1346938,-7.262517,-7.262517,-1.2481631,-1.2481631,-3.5910605,-3.5910605,-0.13245053,-0.13245053,0.016209906,0.016209906,-0.002337373,-0.002337373,-0.020910869,-0.020910869,4.6537116,4.6537116,-4.7303908,-4.7303908,2.1753145e-06,2.1753145e-06,-1.4950827e-16,-1.4950827e-16,-3.6936965e-19,-3.6936976e-19,3.9022039e-16,3.9022052e-16,-3.8228533e-18,-3.8228533e-18,9.0208554e-16,9.0208554e-16,4.6633947e-07,2.0421568e-10,6.5784028e-12,6.5784028e-12
-0.016211492,-0.016211492,-0.011687024,-0.011687024,-0.027898516,-0.027898516,0.1279285,0.1279285,0.14414,0.14414,0.040054207,0.040054542,-0.040054697,-0.040054697,0.040054542,0.040054542,-0.040054697,-0.040054697,-3.9896328e-09,-3.9896328e-09,1.6929877e-19,1.6929877e-19,9.1751876e-11,9.1751876e-11,-0.11624091,-0.11624091,-1.9856401e-06,-1.9856401e-06,-1.9856402e-06,-1.9856402e-06,-4.2833836e-07,-4.2833836e-07,0.031554885,0.031554885,-0.031555452,-0.031555452,0.0099339705,0.0099339705,-0.021620999,-0.021620999,0.021620914,0.021620914,-0.0099344527,-0.0099344527,-0.011687029,-0.011687029,0.011686462,0.011686462,-0.011687029,-0.011687029,0.011686462,0.011686462,-0.019867861,-0.019867861,-0.096373052,-0.096373052,-0.019867861,-0.019867861,-0.096373052,-0.096373052,9.176272e-11,9.176272e-11,-0.11624091,-0.11624091,-0.011687029,-0.011687029,0.011687024,0.011687024,-0.019867861,-0.019867861,-2.1603394e-12,-2.1603394e-12,-2.855589e-07,-2.855589e-07,-2.8073465e-07,-2.8073465e-07,-4.8264176e-09,-4.8264177e-09,-1.2213116e-10,-1.2213116e-10,-0.11624177,-0.11624177,-1.1347642,-1.1347642,-7.2625329,-7.2625329,-1.2482406,-1.2482406,-3.591068,-3.591068,-0.1324524,-0.1324524,0.016211492,0.016211492,-0.0023374058,-0.0023374058,-0.02091089,-0.02091089,4.653723,4.653723,-4.73041,-4.73041,2.1252823e-06,2.1252823e-06,-1.4950825e-16,-1.4950825e-16,-3.6937053e-19,-3.6937064e-19,3.9022034e-16,3.9022046e-16,-3.8228376e-18,-3.8228376e-18,9.0208543e-16,9.0208543e-16,4.6167608e-07,2.0217352e-10,6.2792763e-12,6.2792763e-12
-0.016213041,-0.016213041,-0.011687184,-0.011687184,-0.027900226,-0.027900226,0.12792893,0.12792893,0.14414197,0.14414197,0.040054761,0.040055093,-0.040055244,-0.040055244,0.040055093,0.040055093,-0.040055244,-0.040055244,-3.8978712e-09,-3.8978712e-09,1.6933102e-19,1.6933102e-19,8.964136e-11,8.964136e-11,-0.11624119,-0.11624119,-1.9399704e-06,-1.9399704e-06,-1.9399704e-06,-1.9399704e-06,-4.1848658e-07,-4.1848658e-07,0.031555319,0.031555319,-0.031555874,-0.031555874,0.0099341067,0.0099341067,-0.021621296,-0.021621296,0.021621213,0.021621213,-0.0099345778,-0.0099345778,-0.011687189,-0.011687189,0.011686635,0.011686635,-0.011687189,-0.011687189,0.011686635,0.011686635,-0.019868135,-0.019868135,-0.096373057,-0.096373057,-0.019868135,-0.019868135,-0.096373057,-0.096373057,8.9652204e-11,8.9652204e-11,-0.11624119,-0.11624119,-0.011687189,-0.011687189,0.011687184,0.011687184,-0.019868135,-0.019868135,-2.1106547e-12,-2.1106547e-12,-2.7899105e-07,-2.7899105e-07,-2.7427775e-07,-2.7427775e-07,-4.71541e-09,-4.71541e-09,-1.193229e-10,-1.193229e-10,-0.11624203,-0.11624203,-1.134833,-1.134833,-7.2625484,-7.2625484,-1.2483163,-1.2483163,-3.5910753,-3.5910753,-0.13245423,-0.13245423,0.016213042,0.016213042,-0.0023374378,-0.0023374378,-0.020910911,-0.020910911,4.6537342,4.6537342,-4.7304288,-4.7304288,2.0764008e-06,2.0764008e-06,-1.4950823e-16,-1.4950823e-16,-3.693714e-19,-3.693715e-19,3.9022028e-16,3.9022039e-16,-3.8228222e-18,-3.8228222e-18,9.0208533e-16,9.0208533e-16,4.5705932e-07,2.0015179e-10,5.9937513e-12,5.9937513e-12
-0.016214555,-0.016214555,-0.011687341,-0.011687341,-0.027901896,-0.027901896,0.12792935,0.12792935,0.1441439,0.1441439,0.040055303,0.040055631,-0.040055779,-0.040055779,0.040055632,0.040055632,-0.040055779,-0.040055779,-3.8082202e-09,-3.8082202e-09,1.6936252e-19,1.6936252e-19,8.7579386e-11,8.7579386e-11,-0.11624146,-0.11624146,-1.8953511e-06,-1.8953511e-06,-1.8953511e-06,-1.8953511e-06,-4.0886138e-07,-4.0886138e-07,0.031555744,0.031555744,-0.031556285,-0.031556285,0.0099342398,0.0099342398,-0.021621585,-0.021621585,0.021621504,0.021621504,-0.0099347,-0.0099347,-0.011687346,-0.011687346,0.011686804,0.011686804,-0.011687346,-0.011687346,0.011686804,0.011686804,-0.019868403,-0.019868403,-0.096373062,-0.096373062,-0.019868403,-0.019868403,-0.096373062,-0.096373062,8.759023e-11,8.759023e-11,-0.11624146,-0.11624146,-0.011687345,-0.011687345,0.011687341,0.011687341,-0.019868403,-0.019868403,-2.0621129e-12,-2.0621129e-12,-2.7257426e-07,-2.7257426e-07,-2.6796936e-07,-2.6796936e-07,-4.6069556e-09,-4.6069556e-09,-1.1657923e-10,-1.1657923e-10,-0.11624228,-0.11624228,-1.1349003,-1.1349003,-7.2625636,-7.2625636,-1.2483902,-1.2483902,-3.5910824,-3.5910824,-0.13245602,-0.13245602,0.016214555,0.016214555,-0.0023374691,-0.0023374691,-0.020910932,-0.020910932,4.6537451,4.6537451,-4.7304472,-4.7304472,2.0286436e-06,2.0286436e-06,-1.4950822e-16,-1.4950822e-16,-3.6937224e-19,-3.6937234e-19,3.9022022e-16,3.9022033e-16,-3.8228072e-18,-3.8228072e-18,9.0208522e-16,9.0208522e-16,4.5248873e-07,1.9815027e-10,5.7212094e-12,5.7212094e-12
-0.016216034,-0.016216034,-0.011687494,-0.011687494,-0.027903528,-0.027903528,0.12792975,0.12792975,0.14414579,0.14414579,0.040055832,0.040056157,-0.040056302,-0.040056302,0.040056158,0.040056158,-0.040056302,-0.040056302,-3.7206311e-09,-3.7206311e-09,1.693933e-19,1.693933e-19,8.5564838e-11,8.5564838e-11,-0.11624173,-0.11624173,-1.851758e-06,-1.851758e-06,-1.851758e-06,-1.851758e-06,-3.9945757e-07,-3.9945757e-07,0.031556159,0.031556159,-0.031556688,-0.031556688,0.0099343698,0.0099343698,-0.021621868,-0.021621868,0.021621789,0.021621789,-0.0099348195,-0.0099348195,-0.011687498,-0.011687498,0.011686969,0.011686969,-0.011687498,-0.011687498,0.011686969,0.011686969,-0.019868665,-0.019868665,-0.096373066,-0.096373066,-0.019868665,-0.019868665,-0.096373066,-0.096373066,8.5575682e-11,8.5575682e-11,-0.11624173,-0.11624173,-0.011687498,-0.011687498,0.011687494,0.011687494,-0.019868665,-0.019868665,-2.0146874e-12,-2.0146874e-12,-2.6630505e-07,-2.6630505e-07,-2.6180606e-07,-2.6180606e-07,-4.5009955e-09,-4.5009955e-09,-1.1389866e-10,-1.1389866e-10,-0.11624253,-0.11624253,-1.1349659,-1.1349659,-7.2625785,-7.2625785,-1.2484624,-1.2484624,-3.5910894,-3.5910894,-0.13245777,-0.13245777,0.016216034,0.016216034,-0.0023374997,-0.0023374997,-0.020910952,-0.020910952,4.6537558,4.6537558,-4.7304652,-4.7304652,1.9819848e-06,1.9819848e-06,-1.495082e-16,-1.495082e-16,-3.6937307e-19,-3.6937316e-19,3.9022016e-16,3.9022027e-16,-3.8227925e-18,-3.8227925e-18,9.0208512e-16,9.0208512e-16,4.4796384e-07,1.9616876e-10,5.4610603e-12,5.4610603e-12
-0.016217479,-0.016217479,-0.011687643,-0.011687643,-0.027905123,-0.027905123,0.12793015,0.12793015,0.14414763,0.14414763,0.040056349,0.040056671,-0.040056812,-0.040056812,0.040056671,0.040056671,-0.040056812,-0.040056812,-3.6350566e-09,-3.6350566e-09,1.6942337e-19,1.6942337e-19,8.3596624e-11,8.3596624e-11,-0.11624199,-0.11624199,-1.8091676e-06,-1.8091676e-06,-1.8091676e-06,-1.8091676e-06,-3.9027005e-07,-3.9027005e-07,0.031556564,0.031556564,-0.031557081,-0.031557081,0.0099344969,0.0099344969,-0.021622145,-0.021622145,0.021622067,0.021622067,-0.0099349362,-0.0099349362,-0.011687648,-0.011687648,0.011687131,0.011687131,-0.011687648,-0.011687648,0.011687131,0.011687131,-0.01986892,-0.01986892,-0.09637307,-0.09637307,-0.01986892,-0.01986892,-0.09637307,-0.09637307,8.3607468e-11,8.3607468e-11,-0.11624199,-0.11624199,-0.011687648,-0.011687648,0.011687643,0.011687643,-0.019868921,-0.019868921,-1.9683528e-12,-1.9683528e-12,-2.6018003e-07,-2.6018003e-07,-2.5578453e-07,-2.5578453e-07,-4.3974726e-09,-4.3974726e-09,-1.1127974e-10,-1.1127974e-10,-0.11624277,-0.11624277,-1.1350301,-1.1350301,-7.262593,-7.262593,-1.248533,-1.248533,-3.5910962,-3.5910962,-0.13245947,-0.13245947,0.016217479,0.016217479,-0.0023375295,-0.0023375295,-0.020910972,-0.020910972,4.6537662,4.6537662,-4.7304827,-4.7304827,1.9363991e-06,1.9363991e-06,-1.4950818e-16,-1.4950818e-16,-3.6937387e-19,-3.6937396e-19,3.9022011e-16,3.9022021e-16,-3.8227782e-18,-3.8227782e-18,9.0208502e-16,9.0208502e-16,4.434842e-07,1.9420708e-10,5.2127404e-12,5.2127404e-12
-0.016218891,-0.016218891,-0.011687789,-0.011687789,-0.027906681,-0.027906681,0.12793054,0.12793054,0.14414943,0.14414943,0.040056854,0.040057173,-0.040057311,-0.040057311,0.040057173,0.040057173,-0.040057311,-0.040057311,-3.5514503e-09,-3.5514503e-09,1.6945275e-19,1.6945275e-19,8.1673679e-11,8.1673679e-11,-0.11624225,-0.11624225,-1.7675567e-06,-1.7675567e-06,-1.7675568e-06,-1.7675568e-06,-3.8129384e-07,-3.8129384e-07,0.03155696,0.03155696,-0.031557465,-0.031557465,0.009934621,0.009934621,-0.021622415,-0.021622415,0.021622339,0.021622339,-0.0099350502,-0.0099350502,-0.011687794,-0.011687794,0.011687289,0.011687289,-0.011687794,-0.011687794,0.011687289,0.011687289,-0.01986917,-0.01986917,-0.096373075,-0.096373075,-0.01986917,-0.01986917,-0.096373075,-0.096373075,8.1684523e-11,8.1684523e-11,-0.11624225,-0.11624225,-0.011687794,-0.011687794,0.011687789,0.011687789,-0.01986917,-0.01986917,-1.9230839e-12,-1.9230839e-12,-2.5419589e-07,-2.5419589e-07,-2.4990148e-07,-2.4990148e-07,-4.2963307e-09,-4.2963307e-09,-1.0872106e-10,-1.0872106e-10,-0.11624301,-0.11624301,-1.1350928,-1.1350928,-7.2626071,-7.2626071,-1.248602,-1.248602,-3.5911028,-3.5911028,-0.13246114,-0.13246114,0.016218891,0.016218891,-0.0023375587,-0.0023375587,-0.020910991,-0.020910991,4.6537764,4.6537764,-4.7304998,-4.7304998,1.8918619e-06,1.8918619e-06,-1.4950817e-16,-1.4950817e-16,-3.6937466e-19,-3.6937474e-19,3.9022006e-16,3.9022015e-16,-3.8227642e-18,-3.8227642e-18,9.0208493e-16,9.0208493e-16,4.3904936e-07,1.9226501e-10,4.9757119e-12,4.9757119e-12
-0.016220271,-0.016220271,-0.011687932,-0.011687932,-0.027908203,-0.027908203,0.12793092,0.12793092,0.14415119,0.14415119,0.040057348,0.040057664,-0.040057798,-0.040057798,0.040057664,0.040057664,-0.040057798,-0.040057798,-3.469767e-09,-3.469767e-09,1.6948146e-19,1.6948146e-19,7.9794961e-11,7.9794961e-11,-0.11624249,-0.11624249,-1.7269029e-06,-1.7269029e-06,-1.7269029e-06,-1.7269029e-06,-3.7252408e-07,-3.7252408e-07,0.031557347,0.031557347,-0.03155784,-0.03155784,0.0099347422,0.0099347422,-0.021622678,-0.021622678,0.021622604,0.021622604,-0.0099351616,-0.0099351616,-0.011687936,-0.011687936,0.011687443,0.011687443,-0.011687936,-0.011687936,0.011687443,0.011687443,-0.019869415,-0.019869415,-0.096373079,-0.096373079,-0.019869415,-0.019869415,-0.096373079,-0.096373079,7.9805806e-11,7.9805806e-11,-0.11624249,-0.11624249,-0.011687936,-0.011687936,0.011687932,0.011687932,-0.019869415,-0.019869415,-1.8788561e-12,-1.8788561e-12,-2.4834939e-07,-2.4834939e-07,-2.4415375e-07,-2.4415375e-07,-4.1975151e-09,-4.1975151e-09,-1.0622123e-10,-1.0622123e-10,-0.11624324,-0.11624324,-1.135154,-1.135154,-7.262621,-7.262621,-1.2486693,-1.2486693,-3.5911093,-3.5911093,-0.13246276,-0.13246276,0.016220271,0.016220271,-0.0023375872,-0.0023375872,-0.02091101,-0.02091101,4.6537863,4.6537863,-4.7305166,-4.7305166,1.8483491e-06,1.8483491e-06,-1.4950815e-16,-1.4950815e-16,-3.6937543e-19,-3.6937551e-19,3.9022e-16,3.9022009e-16,-3.8227505e-18,-3.8227505e-18,9.0208483e-16,9.0208483e-16,4.3465886e-07,1.9034236e-10,4.7494613e-12,4.7494613e-12
